0,0,0,0,0,0,0,0,0,0,0,0,0,0,0,0,0,0,0,0,0,0,0,0,0,0,0,0,0,0,0,0,0,0,0,0,0,0,0,0,0,0,0,0,0,0,0,0,0,0,0,0,0,0,0,0,0,0,0,0,0,0,0,0,0,0,0,0,0,0,0,0,0,0,0,0,0,0,0,0,0,0,0,0,0,0,0,0,0,0,0,0,0,0,0,0,0,0,0,0,0,0,0,0,0,0,0,0,0,0,0,0,0,0,0,0,0,0,0,0,0,0,0,0,0,0,0,0,0,0,0,0,0,0,0,0,0,0,0,0,0,0,0,0,0,0,0,0,0,0,0,0,0,0,0,0,0,0,0,0,0,0,0,0,0,0,0,0,0,0,0,0,0,0,0,0,0,0,0,0,0,0,0,0,0,0,0,0,0,0,0,0,0,0,0,0,0,0,0,0,0,0,0,0,0,0,0,0,0,0,0,0,0,0,0,0,0,0,0,0,0,0,0,0,0,0,0,0,0,0,0,0,0,0,0,0,0,0,0,0,0,0,0,0,0,0,0,0,0,0,0,0,0,0,0,0,0,0,0,0,0,0,0,0,0,0,0,0,0,0,0,0,0,0,0,0,0,0,0,0,0,0,0,0,0,0,0,0,0,0,0,0,0,0,0,0,0,0,0,0,0,0,0,0,0,0,0,0,0,0,0,0,0,0,0,0,0,0,0,0,0,0,0,0,0,0,0,0,0,0,0,0,0,0,0,0,0,0,0,0,0,0,0,0,0,0,0,0,0,0,0,0,0,0,0,0,0,0,0,0,0,0,0,0,0,0,0,0,0,0,0,0,0,0,0,0,0,0,0,0,0,0,0,0,0,0,0,0,0,0,0,0,0,0,0,0,0,0,0,0,0,0,0,0,0,0,0,0,0,0,0,0,0,0,0,0,0,0,0,0,0,0,0,0,0,0,0,0,0,0,0,0,0,0,0,0,0,0,0,0,0,0,0,0,0,0,0,0,0,0,0,0,0,0,0,0,0,0,0,0,0,0,0,0,0,0,0,0,0,0,0,0,0,0,0,0,0,0,0,0,0,0,0,0,0,0,0,0,0,0,0,0,0,0,0,0,0,0,0,0,0,0,0,0,0,0,0,0,0,0,0,0,0,0,0,0,0,0,0,0,0,0,0,0,0,0,0,0,0,0,0,0,0,0,0,0,0,0,0,0,0,0,0,0,0,0,0,0,0,0,0,0,0,0,0,0,0,0,0,0,0,0,0,0,0,0,0,0,0,0,0,0,0,0,0,0,0,0,0,0,0,0,0,0,0,0,0,0,0,0,0,0,0,0,0,0,0,0,0,0,0,0,0,0,0,0,0,0,0,0,0,0,0,0,0,0,0,0,0,0,0,0,0,0,0,0,0,0,0,0,0,0,0,0,0,0,0,0,0,0,0,0,0,0,0,0,0,0,0,0,0,0,0,0,0,0,0,0,0,0,0,0,0,0,0,0,0,0,0,0,0,0,0,0,0,0,0,0,0,0,0,0,0,0,0,0,0,0,0,0,0,0,0,0,0,0,0,0,0,0,0,0,0,0,0,0,0,0,0,0,0,0,0,0,0,0,0,0,0,0,0,0,0,0,0,0,0,0,0,0,0,0,0,0,0,0,0,0,0,0,0,0,0,0,0,0,0,0,0,0,0,0,0,0,0,0,0,0,0,0,0,0,0,0,0,0,0,0,0,0,0,0,0,0,0,0,0,0,0,0,0,0,0,0,0,0,0,0,0,0,0,0,0,0,0,0,0,0,0,0,0,0,0,0,0,0,0,0,0,0,0,0,0,0,0,0,0,0,0,0,0,0,0,0,0,0,0,0,0,0,0,0,0,0,0,0,0,0,0,0,0,0,0,0,0,0,0,0,0,0,0,0,0,0,0,0,0,0,0,0,0,0,0,0,0,0,0,0,0,0,0,0,0,0,0,0,0,0,0,0,0,0,0,0,0,0,0,0,0,0,0,0,0,0,0,0,0,0,0,0,0,0,0,0,0,0,0,0,0,0,0,0,0,0,0,0,0,0,0,0,0,0,0,0,0,0,0,0,0,0,0,0,0,0,0,0,0,0,0,0,0,0,0,0,0,0,0,0,0,0,0,0,0,0,0,0,0,0,0,0,0,0,0,0,0,0,0,0,0,0,0,0,0,0,0,0,0,0,0,0,0,0,0,0,0,0,0,0,0,0,0,0,0,0,0,0,0,0,0,0
-1.3850533812385768,0.02103369248201247,-0.3359293634044019,-0.8004355547098206,-1.8538890526908665,-0.019264952381899337,0.31801890776895597,0.27037772200474497,-1.8040367601242935,1.269204962180098,1.4012171908307511,-0.6278211784335029,0.14868368478362143,-2.934672722388312,0.6483850305711302,-0.007497275028978957,1.0635508317582187,-0.44069977704769264,0.8732305217964391,1.690549197865892,-0.3320725310734746,0.019959468172523847,-0.6410159957552036,-0.6273073457418279,-0.4004542640823199,-1.6787739277008888,0.4648257887206315,-1.2307876380428324,0.9024806002470775,1.5465394997054904,0.2371428126594679,0.16033971045247444,-0.3908559060653115,0.4592112036022468,-0.7404760951391494,1.54507474277916,-1.0005003248313553,0.5572581138778447,0.24842091812155978,0.7246095112049573,0.5715683036229652,0.9952925095587567,-1.3906971905562664,0.13275754200130596,1.5211198631520992,2.3954944538230625,2.916350663903339,-0.8050484800681807,-1.193743323672912,-1.205666348217187,0.09799586078794044,1.5701045848694248,2.193673010779091,0.355108882368814,0.8059469743395118,-1.5518785442210794,-1.0087179177692231,1.1617678832467133,-0.08615210326730154,0.31425036769951753,0.417107940118555,-0.5210871238077676,-0.2610266809052094,0.3098406141283954,0.8462914679493445,0.14852219355344337,-1.027238089099755,1.8981170017331082,-0.8075488530932368,0.1935954719231016,-0.4164560287033784,0.08987152200823348,0.4386889927357626,0.840384711542571,0.19772074204075676,1.4316989732621614,-0.006179542771916954,-1.0791744062345565,-0.2961431689540926,1.9878565594509463,0.48303086951029517,-0.7726858785242884,0.30687377881007927,0.9741368360612932,0.9448865886743505,0.36432985791059647,1.4507046068503624,-0.4591243836875893,0.43234281143206243,2.1004832612688573,0.5937614820121089,1.4780411221757233,-0.43721157321973597,-1.792047344441855,-0.4425615402943056,0.848500202905779,0.9722631074667424,0.8363588636998591,-0.3234729098540481,-0.6621219419869524,-0.9623858510464242,0.4955844998113687,-0.4858263322531691,1.7248128990125913,-0.04064961014678122,0.7876736178369002,-0.47004599684665516,-0.6723758401338094,0.5602437948174662,0.6417443732564773,-0.17191236524169182,-0.09691835545239522,-0.23328408028766834,1.1148014564541449,-0.9974811482906101,0.14755692370035295,1.1223090982838786,0.26053019710942965,1.4479704454105269,-0.49627769335860444,1.1520533980920438,1.527694577676114,0.16652689460187736,0.3219128735981055,-1.0041594241142502,-1.154432224850227,-0.8328110307813064,-0.9245705182781659,-0.5808443890925572,-1.7309276028432712,-0.3223204206050034,-1.217416106035237,-0.9873469672595444,0.27873454904785,0.1226749918696953,1.2956131209803838,0.849336871596941,-0.5286220982835238,1.755969641557841,-1.716235152561638,1.9018959737162273,0.8800176629293883,-0.49100519249454583,0.17695379448391513,-1.0082675815869389,-0.6880060279906323,-0.14029451750758862,1.839095117891871,0.04460032595036863,1.1296744256999949,-0.91083608159521,0.30682301987719107,1.2793576879236914,0.3343535572115776,-0.3969320103691071,-0.024249529130527598,-0.22967185605160212,-0.9593583487340187,-1.5920843472449362,-0.7357870071659576,0.08100920729860335,0.601901133963405,-0.044261756660728416,0.8900840705381298,0.5204647394955156,1.114201338079133,-0.6956921293222584,-0.6094991285050092,-0.2468163207670297,0.4678072224647887,0.13430103404600466,0.4358316383975805,-0.893982288814316,-0.36747265632854226,-0.9778961635280482,1.7980713624519515,-0.8428722297189079,-1.5111998945132805,1.0262916918982148,-0.12634962927235877,0.6764959811146004,-0.4759264121815343,1.5162687499962941,0.23205566646471532,-0.6676974345526284,-0.8187971778088441,0.6586184707292547,0.9155240393664675,0.8656428357276471,-0.3933516466370638,-0.23782439679679893,-0.955197355122439,-0.4140738092492294,0.8974612059104377,-2.2365186795515,0.36586100988889836,0.542208630763085,0.027477921459865988,-0.20583193465739774,-0.37848061957762863,0.002020653937269361,-2.052139634363104,0.2689494245526957,0.2252359668546706,-0.4982317769017451,-0.9149649684782035,-0.500615087057422,0.7702060366865597,-0.3910317864030807,0.031530025394257276,1.1948805030072251,1.0365457636385287,0.45511295394433354,0.8050451659796334,0.3008138414059446,0.2539511863797303,1.3084051917858717,-0.46029370304121664,-1.3295435834238165,0.44949255183503056,0.4640438995943563,0.02875306776433281,-0.21282369294959286,-0.9058943626330963,-0.303601459994055,-0.28639737793386766,-1.4519589932712942,0.33752112516696625,-0.6750532858865836,-0.08827934743437217,0.4083594076628494,0.7630808022303854,-0.8500172060500446,-0.11435746722610259,-0.3769952959004328,0.12007726489091088,-0.7246629546271505,-1.4533367229212768,0.06766632399113545,-0.39336311064119517,-0.07403349188135762,-0.36556446760120737,0.679774134972619,0.6972473825398882,1.8940856344349286,-0.941276313008528,-0.3928764728984011,-1.1420896867447925,1.7014885747795825,0.39302962669717395,0.35124921723439906,1.8598521341477041,-0.3104345974132758,-0.5056855746644072,0.04532057608568749,0.5870066292097281,-0.7356327286173727,0.5411892354716022,-0.4729922582382173,-1.0357749529308207,-0.4791623167510282,-1.3255589766609746,0.22239444963758356,-0.05619535066713888,-0.837340202248423,-0.33525970699913726,1.7710888711893014,0.05932843174053694,-0.09096752161832053,0.9342119050783405,-0.2143678736299445,-0.4317396106172695,-1.4433708794988074,0.805153416498295,-0.46937960090363295,0.40055249789069264,-0.44140449751065935,0.8298780106855453,1.0090354335569345,1.7652617260567371,0.668519580287202,-1.5089679794511495,0.023614440096913557,-1.0421987368675976,1.9573712664148035,-0.34610193535891814,1.707570239817173,-0.07791199654807178,0.9558172472154803,1.9538792822520603,0.6511686941801832,0.12823884974829655,0.5285729723363766,0.4143487732414266,0.3276822715127774,1.4428326249716055,0.18059493201237278,0.6293228718096655,-0.8578691418919412,-0.5541802826015193,0.9069246468871319,0.5520937598273921,1.9465551190065344,0.928147520928443,1.0709030728522313,-0.41383521809436186,-0.5675691291108234,-0.15232891945455868,-0.2861753637534815,-0.9303194397174366,-0.05325402467573294,1.2528941022785127,-1.0039149215015712,0.5117274539187548,-1.0566797442956013,0.9864202983867806,0.2996868111046464,1.6803285662607403,-0.19548459020109993,1.2666370342629159,0.20920853431442643,-0.10049908270101186,-0.6630397543105189,-0.4703158428463201,0.5118876395161556,0.605895994125317,1.2185075927972897,-1.6708138907460157,-0.6554976734562462,-0.2373353628504502,0.1553155167290423,-0.2653257409175786,-0.05654370965143891,0.598775380228972,1.0951261341136966,1.9702913551754966,-0.6384154115805625,-0.36993125947626804,-0.10961523228509983,-0.07719037252291863,0.5031245515488149,-0.8750056484075305,-1.2279968915375978,1.0303274494837618,0.3205741254468318,1.3052921295940676,-1.001446084030317,0.19365998369072313,1.2327932093316492,-1.2404819699150702,-1.0850889515402569,-0.3139962237628507,-0.5134456563463317,0.35499579627738015,-1.2794829448246363,-0.13466936797978568,0.47174164128944635,-0.27121191780165316,1.3260469658980714,1.5741581993329758,0.34965495380610045,-0.8418667802234704,1.368762472245787,-1.7219065898557067,-3.5853140749114596,0.2732575070924071,-0.7133438269883401,0.926763048742318,-0.13950385984215166,-0.542658390266255,-0.1629853052937532,1.040370685112549,0.9804610691358341,1.0765337199561449,1.326064511594507,0.1255260983860739,1.0660604518739933,0.5105674454830275,1.280978870948352,0.9359406335442336,0.0932612005168734,0.12967078757894562,0.552059994421488,-0.2952154841456313,0.556621609172715,0.09592129891219084,-0.18606331751642466,-1.438959465448607,-0.5841537082976352,0.4409095223611382,1.3963616843139148,-0.5126244258669445,1.0756779201633928,1.2649469412057333,0.9350580042478241,1.200061705086546,-0.5824819737211789,-1.3201757372618295,-1.0219508933648311,-0.3629202993474073,0.012026947458489421,-0.0629895580283499,-1.2157545265050087,0.204627041920776,-0.7242514710540886,-1.17435192314132,1.1002195904690826,1.4260164554871047,-0.9734964181204574,-1.3786118881219331,-0.9374759951037533,0.5938819869857227,-0.6202941465249521,-0.05625239209303372,-0.44154373954178483,-1.921409284046929,-0.09544953172374034,1.0266578009787954,0.04452555804754419,-1.7567738557302914,-1.822359159877948,1.0992073770977437,-1.1025987837145177,-0.7654709226497258,-0.689532980696734,-1.0728215225414557,0.769207507708409,0.8564759610964243,-0.03167844303465973,0.9440718466999745,-1.6046872706764288,-0.41095685998966064,-0.08450937657462443,1.4156997286243156,-0.13178576723098528,-0.047851387995467884,1.0452129497003972,-1.5727456922141532,2.2918868987123404,-0.7336509077210047,0.4898761980004689,0.24453813779449846,-0.5123776206503661,0.8695058678314452,-0.3424752018543248,0.6694829039692679,0.6569872272805178,1.1487963588348395,-0.992121317828157,1.8498790441175335,-1.9433161184786203,-0.5562537290768814,-0.2659663733971119,1.9094456541055687,1.9154488318043914,1.61256057312963,-0.15402988695015896,0.6699856864347197,-1.273055004822341,0.32749285134391753,1.337346454672392,0.21367834684454992,-0.06521574953015839,-0.21648367718385159,-1.5482209951850108,1.0062622135115709,0.6917083645079759,0.5576444832817545,2.036223447702275,-0.7497126688902487,0.49318231831156834,0.31167084450149296,0.7408630034792432,-0.14030624368786104,2.270386223336191,1.3584038430432699,-1.2366515351607337,-0.001868201262156374,1.4264620028014154,0.3545275119527547,0.3969134003011381,-0.3438697252350267,0.4325976413355248,0.5941403647590852,-0.11213613980612641,-0.13257919896734505,0.7441879655164945,-0.4276023072102741,-0.1834084055911861,-0.8074844678728772,-0.7217368090236744,0.2662369486657103,-1.2577095811957548,-0.24797295412374884,1.9578787528231376,-0.3256046510227474,1.880398769906157,-0.05277447825026167,0.11819210921623677,0.23236580349062066,-0.21830194207305206,-1.3307677855151538,0.17804999347352565,-0.061644103116737695,-0.7511650168346801,1.8717502500136598,-0.5442364406783271,0.6443119434958517,-0.4703338334180824,0.9092633857365088,1.7406576851332476,-0.21456421349248708,0.16650461908764655,-0.850652814475543,0.5160493451480359,-0.15171416514968036,-2.493062489140685,0.4800374721472088,-0.7588422809333509,0.8218768967519862,0.28679775069861096,0.36823045297643137,-0.3615876704951482,-0.6832080255256101,0.5013460500906263,-0.086048164325437,0.8833550545409949,-0.01080816612111883,-0.3146036238072998,-0.7561757022739953,-0.6507323989067865,1.4856128765418934,0.7500973753702523,0.16400422981156568,0.18094389418490392,0.3000814159808936,0.4214967182284077,-1.6138995900623696,0.023363863905355126,-2.1485151481528284,-0.6425312369846559,0.19499818998028787,-0.14877665354547584,1.6305697628573903,-0.6957239006284687,-0.29540391145789574,-0.5438714535130486,-0.7859359170645605,-0.17367007255293354,-0.179610605368711,-0.8036365416781626,-0.49519290717476105,-0.4911520101569585,0.2663605473623642,1.9984574105190775,-0.5245306089636782,-1.2553836603238244,-0.46359886326153804,-0.5177567740849945,-0.3277833208880343,2.3709846930891243,-1.410841699596315,0.7855692284005135,-0.18830813827427012,0.7863050138056028,0.17536783376597032,-1.5822703539469265,0.8827788843221963,0.6638585055058847,2.727264053070256,0.9858368011957553,1.4312480970425876,-0.4796901438142175,-0.16764988833507827,0.38908485219910655,1.242397407302576,-0.13270228406176068,2.4145291580899215,-0.7871757752835159,1.1317890480043495,0.6948535479168929,1.7764162616413361,-1.1787103805639072,-0.5480850415550241,0.3319490877966971,0.6553615346182329,0.7885192970613624,0.24860539739187804,-0.5785778926123014,0.34671500820952905,-0.36200886013920824,2.264868573320199,0.5161966579386995,-0.9149772631532554,-0.16642679976370245,-0.9427212369648508,-0.920160014160718,0.24077264987813563,-0.5667949194214882,0.284167397003347,0.7146764309489695,-1.6984791054678092,1.6865590304896843,1.513080454755718,-0.26791509893834353,-0.9852808286469985,-0.7944761997008681,0.3315014905234875,2.1483074179979487,0.6987419612625181,0.7299264841358845,-1.2304402883296977,0.6187368761476233,0.3720504327327841,0.6039943435093206,0.8752704469247021,0.5496043643301896,0.7045077966907622,0.3693582707597595,0.1305605448510965,0.8962004376951588,1.4722729835012776,-0.830801839292301,0.6019971511102564,0.5086882293512963,1.7495849431491106,-0.20436280341845864,0.2262955117877529,-0.03494796286679122,-2.670611114078583,-0.08890898880550846,-0.9880125264761777,-0.15462067490029124,-1.2224941877172522,1.529654860505575,-0.1564354314241835,-0.10712036776494831,0.7257465829469378,-1.5520239044348785,0.6170428303187997,-0.291850942179721,-0.5550747807362456,-1.6553872500621087,0.2984315377498274,-1.859633735669227,-0.4299147545754508,-0.4893182485492006,-0.915135503013664,1.1503141848147833,-2.6016618514720955,-1.0429052128087428,0.37355384462820335,0.46350462730145997,0.7065337561909719,-1.325169895732026,-0.5047630014032711,0.45671012370669944,-0.0248880572706885,0.9715992848545307,0.03326646790676505,1.0628493343485006,-0.33517076181810257,1.9420131535629859,1.2918338714983044,1.862583617433887,-0.7991574673612601,-0.7422163146233598,-0.015054657548662033,0.8635652136312073,-1.8765798703993775,1.2882324764363633,0.45264823044832814,0.08615343336831086,0.36000727043144176,-1.0641019274367067,-0.8090411830427358,1.064302514872557,-1.6513180645517478,0.23316941706512304,-1.6556931851895913,0.5910341611082955,0.19701572288019556,-0.6849464540649748,1.158346685133127,-0.199590481653319,-0.5766199548678473,-1.812483567110425,-0.46015654858982047,-1.3511764167045615,0.4043499496551455,-0.7982175127820922,0.2818767022880081,1.7699290101302165,2.1361394894924834,-0.7202342687285308,-0.5166322760394125,-0.07453710166062535,1.988987911562401,1.62156952253277,0.7829871745522756,0.20640972267789245,-0.6718347034432847,0.19783643124195052,-1.2216381387273079,0.6042076095780429,1.0498261392564274,-0.07972206161280086,0.12125230241643309,1.0317206113223951,-0.8373809989007273,-0.30622221987600484,0.15259361652241912,1.3374286142276752,-0.7065756878654196,1.2231233176248841,-0.07001499231202976,0.24733012680012118,0.22343668635847028,-0.8022340170580761,-0.8235496154016361,-0.4352099224546472,-0.49205754234591703,0.6849251126637068,0.22193886271713223,-1.2803066281760607,1.211449490690571,-0.720782251697816,-0.06541569122998377,-0.0628721868255557,0.13536288829129794,-0.1390616673760147,1.1167807845262452,0.7846518817477108,0.5366000669506736,0.36245100505205613,1.3843179075770518,-0.513264214411348,0.5102662488112194,0.013777044181773878,-0.3961531300878688,0.8341546729150634,1.832692835918365,-0.677141178869547,0.3801031052159335,-1.2069410586728757,0.48561511231002746,0.22313995803968706,1.3073896359205155,0.9907065575102176,-1.0315733378455247,0.03836542322851532,1.1772128914891313,0.8502591487868043,0.5847440200371368,-0.4089068649704397,0.08960314954717188,-0.41877463983190266,1.4293693993919976,-1.401535384948077,0.8040770340451255,1.527324343574106,-0.4776761802711061,-1.022072351029947,-0.28365020801186097,-0.47056725537710853,0.2822615186562848,0.12037951121834481,0.016220322148759958,-0.337806444787167,-1.0487294908625853,-1.3742097450339368,0.37972974049731334,2.020643453243015,0.8455900516027248,-1.8108757393830932,-1.079166792467463,1.3739640687705408,1.6590835874209255,-0.9004212092468514,-1.2061759459499586,1.0455603647553582,-1.3702096399389945,-0.5780943444676724,-0.1659965197900669,-0.05621520257593227,-1.4117805228780607,-0.4989480038415084,0.06906299374882434,-1.1238168055725035,-1.2383749799792227,-0.7054489918148079,-0.8396384377536903,0.4788314332282639,0.7174514037261155,0.04983248475508762,-0.90702868056993,1.5587858279593092,-0.15395489072785704,0.769885599906337,1.427783215995368,0.6569593414835265,-2.182870297170088,1.6751074758155524,-1.1648584666933341,1.1468650661302189,-1.7240298950653048,0.15798206899905365,0.9010458137539702,-0.4649162342315176,-1.2760685685251536,0.9214686400399957,-1.8507385575664983,1.8451242796429146,-0.005129497895177275,0.4931380304262367,-0.7159797961518484,1.529935177514859,0.6321591222126849,-0.010644822078246567,-1.39536515910077,-1.2851348158033444,0.6413114221489152,0.23197307816835763,-0.15099266156155372,-1.541710735885229,-1.501791887344169,-0.5174195897602117,0.23763556810152608,-0.9561218866780657,0.9310588498977487,0.2946217099865528,-1.4145258877783173,-0.19046240053857505,1.5978945545054901,0.0826428987422838,-0.041401314421271714,-1.047847570197449,-0.28719336433063536,-0.34568769748086575,-0.18524509939239925,0.6153143104574383,-0.20804967748067488,0.17718398686266282,1.2448773839088914,-0.9042099140112068,-0.08334456694091026,0.8666658716142279,-0.9367979343015416,-0.27251889726331735,-1.4565814575918465,0.350935553385512,0.7166549787802631,-0.04822732974223527,0.7055740617266961,-0.10285375392851781,-0.013817326854248019,-0.8993563411566127,-0.7873100451625709,-0.38569529551542536,-0.6161504592789692,-0.8125224390202228,-1.466778939962335,-1.141051126900037,-1.1170560659857427,0.41193117162316617,0.5042568734625011,-0.6857136472995864,0.2652444434666761,-0.5843513223800809,0.4228097488230522,0.4335957875723383,-1.0079761631702313,0.3917008243172414,0.8086303594320425,1.018617273033905,0.6202894087599864,-0.6691090824734294,1.651370927294842,1.4337647023304183,-1.5837885914529466,-1.518556839248877,0.17833892535510826,-0.05280209544875591,-0.353133726450609,-0.9329649959712126,-0.8289368135952775,0.8952683976530869,-0.14905401586102046,-0.5433456488495426,0.017470212121469177,-0.6176925629960973,1.0765117737130299,0.12064256577204731,1.4463499047392516,0.3914125398919772,-0.6754950007758997,-0.6802613027509001,-1.031751143612849,1.2466024901221644,0.6936612803256184,-0.7071839870338544,0.3327733664936493,0.30215139553811793,0.16035376509117308,0.05373278156327238,1.3355288171535442,-1.4569214961313441,-0.6139659507936832,-1.127320806987717,-0.16886750846389778,-0.9154165554424826,1.0062386730812116,-0.6679660640779831,-3.2879210619883446,0.3952899535439437,-0.19883501009633145,-0.394796663191407,0.2319846743419489,-0.3108474095823024,-0.11483974140846061,0.31362739272261053,-0.7105100310255115,-0.4799105388689611,-0.3295137095002449,-0.10558178651282302,0.9441000690271263,-0.515273346231536,0.7441905065971895,1.8953724662716447,0.6436791072625179,-0.5139961160998007,-1.0986732013305132,-0.0551565230077811,0.6889402576942296,-1.2873776958858008,1.4400755625840829,0.046112223283127377,0.04914211144850596,1.1548637614461223,-0.4232489612071106,0.6578880138716324,0.19931873763378063,-0.3571738755818562,1.4622846068906286,-0.18361148290389334,2.0117870570203014,-1.1770051181192736,-0.1735235603400382,-0.8412620956147152,-0.5230866006940843,0.33094220093514765,0.137524532843347,0.2173989256424766,0.8595010235320519,1.0003609208681223,1.0769676299565476,0.3381283503683237,-1.36610108419944,-1.2724866560116619,0.18012329769529864,0.7543544870278523,-0.5573752601468467,-0.13099286295212023,1.0357346589445051,-0.5649078290327015,1.009601208525713,0.03652662203437561,-0.8810526803823369,0.1987827211276744,0.8439115567895529,-1.9685027709595502,-0.5911167492117165,0.1263027650262116,-1.4136659619806937,0.8150483212606574,0.6734797660792625,0.9355481825434311,0.571245221420112,-1.087133289194763,2.06592261138964,-0.9995640118855197,-0.8985808352005714,-0.26965473987694843,0.055789421101308044,-0.28359913636532186,1.3133259640812327,-1.1784093236265567,-0.8552294298017203,0.23349974206588744,2.3295096248735274,-2.829699145274109,1.6816166438676308,-0.2107831152997483,0.8307960888452293,-1.5358602006439444,2.5626637648375716,0.3661722219126292,0.5199981324214134,0.2987753336496025,0.9953535945301689
0.08159377132402462,1.587503327563922,-0.2659547276519837,-1.3211640530923836,-0.4853091966217502,-0.744899751525916,-0.5276773380511206,1.0541178472243178,-1.4911756032208827,0.9594729313747178,-0.8619242685309383,-0.48920373489541225,-0.42035720918645475,-1.9684481754584002,0.8100440025242213,0.5484027511064106,-0.05313152163576128,0.059948315930818355,2.037940698341456,1.0746913159301812,0.8825127939760669,-0.8036421568229777,-1.2801599183697125,-1.339100285291464,0.6652688690893723,-1.847290297174695,0.9098174744010092,0.4232638266751926,-0.10893359631766823,1.2421374318475453,-0.6916805017200297,-0.21163706291765697,0.7298173855226763,0.023167318444921887,1.3753190152490768,1.8636513377841566,-2.3099001616171195,0.33144362218898316,-0.3946217349092429,0.2147727174906944,0.8152054228233893,-0.595245048032923,0.4705317663753861,1.3253343693542836,1.7334427272436779,2.1584229898521516,0.9177917233530183,-1.5612990700719835,-1.2043998037262635,-0.11284741028644064,-1.1510505471263341,0.6156831417507554,0.8029447394689482,0.9927224931673941,0.8775608116486348,-1.3270386286886864,0.3097725411047521,0.16878121302115143,-0.219412447512406,0.7732840766810115,1.0398646081557366,-0.7171991916707305,-0.340156003401071,-0.8869282298088363,0.5479173756101983,0.8457966963336406,-0.16762063138278,1.2230396797216612,-1.0077542441801886,1.456805218588041,-0.639977951862125,-0.2637775907887123,-0.9600582608797735,1.516308590865332,-0.922150295135206,0.2009180174875991,0.38137914072805335,-1.4570923783963936,1.4335459880964363,0.4512501124559625,0.10136823009732097,-2.346156154509121,-0.5965811472975431,2.1767388150077407,1.1937874992742845,0.9062513537468263,1.3570366212355782,-0.10810641259641754,0.7857382866067703,0.9548710276951698,0.7748942340532886,-0.31488462192098915,-2.0480118217722643,-1.9993498587865435,0.13787038009658437,1.8439882872654974,0.513626465355814,0.25489221382846505,-0.5447337284150625,-1.6935480596411119,-1.0160899344009668,0.7519601053547764,-1.0233727635433254,-0.38191522705121683,0.016480466090155552,0.20961139184508937,-0.5970609702446985,0.32334514759566896,1.1034461061951704,0.0694347637238915,-0.29613243269662004,-0.855218418363754,-0.3338391504099333,0.7704618390514998,0.355353396635345,-0.8046905572340292,-0.9150042260399969,0.5085785973322321,1.637959773578659,1.033085387901797,1.231047564086036,0.8520638387695424,-0.2483329313354232,-0.5085263698084365,-1.4717248315409426,-0.6179055159296256,-0.4176922991362392,-0.1489587746152432,1.3057654492104862,-0.9462910347228698,-0.7152487712295174,0.07659734314566677,0.1720676965514019,0.17729080087155602,1.3269867537082267,1.156905492834876,-0.2336698361058491,-1.3687962494048505,2.3537789504262423,-1.894737121463192,1.7870527251850308,-1.097918815431817,0.37407378742392566,-0.034420121070573885,-1.9883930419146305,0.33153746176568827,1.6477766078279605,0.42139482799703626,0.07472634111126665,0.995602774532502,-0.9270050808358185,-0.4572795348895893,0.285590964513357,0.3527485703661669,-0.19363331165034656,0.17951709656328796,-0.24429722162575246,0.21655992303637506,-0.2258282779684462,0.29751060096443577,-1.0351990900475971,0.5581472439364955,0.10989746341762123,1.061358963453867,-0.3134053464598067,0.49707675036178456,-0.6936886648514629,-0.5827768208414625,-0.46730979634031256,0.8912237366675078,0.8868328159968835,0.13331808922362856,-1.2463367584110063,0.8036913650529661,-1.5550667014662107,1.837168671794047,1.542944758851737,-2.36481339991528,-0.6567805478602181,0.17739924861232897,0.7941077368899214,-0.6934492330334109,1.3834545325278833,-0.4450746477804288,0.6536818926456663,-0.8394165802924638,1.716673555619657,1.218463114764154,0.6961611450064742,-0.5612128388043016,-0.18889947755826508,-0.3604755001144633,0.56682709501473,-0.3891139111775848,-0.9911241394825674,0.6874431146206502,0.22344943572202453,1.0670913802237383,0.08914351985842052,0.3347929751306825,-0.3597017306138217,-2.256741419306755,0.25341019596328473,1.2399291755180224,-1.2877016710715554,-1.551279679199797,-0.888828614392269,0.48821369513315116,-0.5646238763135254,-0.4451551740963978,0.6709364039385772,2.5370150573071246,-0.9560888042938368,-0.2928716823354944,-0.8118276334436817,-0.8719351723338247,2.0088246404436756,0.5511492038571894,-0.0391550187059297,-0.8884686736327608,0.31678660067634606,-0.9122464435388717,-0.7002156741342519,-0.8685967954058119,-1.146289974467279,0.3200772972070673,-2.1635093273243347,0.009339662779056708,-0.06449156800495415,1.2173866061468308,0.41342868443675623,0.1589797327194006,-0.41707655728255183,0.22867224377725284,0.11060823259739479,0.5125041803227954,-2.117225557692523,0.7312358163706136,-0.32805184683220134,-1.3366755976225169,0.20170903139193977,-0.13433969608705904,-0.036671968287265086,0.4615399558427778,1.71843434330817,0.7593831626282377,0.6060525230718229,-0.2843301240251349,0.38193920736082027,0.7741206155160115,-0.36422694326670485,0.7990157690066849,0.06226011193130024,-1.9315147224252263,-1.2505545756931302,1.5505890798563724,0.3329885907361898,0.45282159527681715,0.5922146902692859,-0.08730235184992446,0.40328233477730585,-1.9057067890440238,-0.108671125853635,-1.1078868499642816,-0.41362231982853387,0.1898088848327007,1.4613116070464696,-2.265515381251565,0.12716330445678387,0.8888833649185727,-0.7573346868270009,-1.1793647817196757,0.482935344780683,-2.4625329273810728,0.08872780151194831,-0.07677902383887493,-0.8213830762018557,1.4921471192152875,0.6598146452677937,2.5214104296922053,0.7041440761291111,-1.305071924858843,0.3284741222713252,-1.5797980359919725,-0.4111315778822429,-1.2439277757338283,1.7867300021153287,1.592833313704311,0.18511331198874315,0.7789866232226834,-1.0218459713697567,-1.219502918349384,1.2244660435936718,0.3061183287310105,-0.08025058472902241,0.005145459541402815,0.7892694003862636,1.757619265064076,-0.9549141948810407,-0.4176563799748893,-0.24293623603390876,0.5713171945097563,1.7695935732267138,-0.6370553825913435,0.23825120583870998,-0.16125044536572136,-0.16938303349927047,-0.09072484439831444,-0.29443055595388584,-0.7693023751289477,-0.23117196881570654,1.605448658462472,0.3337233718578024,-0.8416213748311295,-0.5420941395871124,0.25334505417104713,-0.7944586061411845,0.7953088852914975,-0.7197093035242098,1.1583177577294281,0.22263310889486534,0.0536074518585579,-0.554246306284817,0.1964036715203022,0.07611681995669477,1.0057650385705696,1.2704417889199593,-0.1487263677552589,-0.32730020569940815,0.44346343624572704,0.9652176564228137,-0.6697756432396174,-0.49557062885685377,-1.6101199179721861,0.7969193969719645,1.9443754552427341,1.1902922895895984,-1.7737596129306277,0.049206217949163855,1.0685513320813853,2.0414955429735184,-0.7599523534318934,0.32937962396482784,0.4601887839235207,-0.995925834473702,0.4999474731983421,-1.1603160430402373,-0.551732432188969,1.5227641044473097,-0.8957338074634931,-1.3989837557969491,-0.07932556111496042,0.242717964285882,0.9066808911078947,-0.1523126128270797,-0.10522281585232013,-0.4606480762920413,-0.5280607926084228,2.8424264403471606,1.3543394961650532,0.5207411092320638,0.5020310354211054,0.5285864802184345,-1.7174142365780587,-2.237367738313665,0.7126788004202302,-0.6793477109995276,0.1699447713808576,-0.4976696735646571,-1.2903464952948551,-0.47603366227441485,1.038092898561586,-0.615637947019691,0.7438250152808189,-0.3097465094045991,-0.5853469761457543,0.794057505540057,-0.8161958143169454,1.514921970818196,1.2395000721945997,1.2254140002708003,0.7664648704822925,-1.2035240610974471,-0.583588416223144,1.1252960745889051,-0.013459590524298452,0.37776812514108904,-0.5862410073136871,-0.537022206409649,-0.0840505824270141,-0.05195431161495998,-0.7684192912630765,-0.4876549974057454,0.447660250448439,0.6025756308492686,2.25531511998725,-0.8095266173209348,-0.8373467904024054,-0.8979795924537082,-0.6400636614865662,-0.09114080403243212,0.48520787450359143,0.29658393073477374,0.4779054911724759,-0.26722478646734127,-1.0579222104600003,3.1973003022839506,1.1682663202502557,-1.8747039584408476,-0.4295872971610174,1.58627282262484,1.8169838055158423,-0.8865598331859312,0.25265338457695163,-0.8118505318166357,-0.3104601084674042,0.7334278210269751,-0.49943029220639185,0.1587254271423559,-0.9493862655587286,0.4223968403880166,0.43537015647914573,0.24024078311471897,1.760984781977375,-0.6922253627128773,-0.8661314158719989,0.6838278069379701,-0.3888385736869558,-0.22733230090308368,-0.4992388815366175,-1.7457694109324302,-0.15479478123927784,-0.0770017621633858,0.06535342949329989,-0.9116134081583286,-0.7295826682446257,-0.5496799452371953,-0.717366750160397,2.752778683302473,-0.2779840572728657,-0.5699447881272179,1.0199359945676056,0.3223859482962779,0.7051977702008758,0.17563845715603685,0.6877414027733415,-0.7158624888274868,0.2987836384688791,0.5329714569151244,0.6397109268346741,-1.015560746841474,0.10613239036623283,-0.920139739039012,0.9237468566536452,0.8039338956996529,2.140809885317738,-0.11054230172684104,-1.4168368721814015,-0.6021847943207106,0.09435058838413693,0.42552016276051535,0.291948378592295,1.1050329171057585,-1.896355823830376,-0.3940851644113745,0.7337146100416686,0.35169640798035057,-0.9317710230597893,-0.32455448662162373,-0.669274361992663,0.5723266863914716,0.3754437194164049,-0.8539760064888642,-0.04721116937400855,-0.41647505148115443,0.4352580863914079,-0.9247606531102651,-0.984224092318384,0.49360776179973803,-0.46218676231016087,0.14767283230727574,-0.0008517561057379222,-0.9988938365947214,1.2584294274557448,-0.8012409482204434,-0.7683557304796971,0.011927718216133011,0.11824588605235901,0.7456632473786687,-1.5971507140265266,-0.7587496974974896,-0.10793959647724087,1.2059024711908686,0.15204222528011446,0.6683579309078906,-0.5702617856045794,0.5663473530031085,0.11542426626757835,0.5623067096620867,-0.30318566529674407,-0.7967921033253684,-0.42206726484003304,0.28996467112522817,-1.5176709278471936,-1.518003448922477,-0.17751802447607978,-1.4025423376988793,1.17243150360548,0.5025416780877393,2.1697901140724327,1.3657388599713913,0.15179796312882263,-0.1539050802172225,-1.1482141340726022,-1.2955838913188837,-0.32331010354385453,-1.9546458482529714,-1.9874601062852972,-0.12142452202972594,0.482975545297082,0.6371917823726706,-1.393020552816953,1.3190456726946245,-0.22853867858516974,-0.7030846587775682,0.6587005789412685,-0.2656141682505656,-0.44921826651953983,0.08850602376896569,0.48471338321859037,-0.3560068207649624,1.5258132955158072,1.0840085229973522,1.4038822294528814,1.2282054042417696,0.6793323635493067,1.7807508985104514,-1.1084002458326343,-0.6659525516712618,-1.2132279664774848,-0.06037165529442948,1.3378313454458075,-0.002381491440990576,0.22841615980561347,0.38636163476056345,-0.21634508099904268,-1.6472390002552897,-0.2714989877668363,-0.8208215243472735,0.45777056946570205,0.006572471027413482,2.107234153478024,-0.1471635502261224,0.461768610303179,1.6432162406487538,-0.8996791979996799,-0.20915349001176806,2.050437378236871,0.029494792764376873,-0.3340276010228635,0.8737020109246465,-0.4624360929053363,-0.8743550842305303,0.7870480722703135,1.3177290796186942,-0.14436987324381448,-1.894075813415776,1.8478851580752147,1.0721334542349346,0.48706848748708653,0.6963239471268877,1.0758769535908295,0.43610637549476333,-0.41503541949491307,0.4481546296707501,1.8403240816838977,-1.420827391382539,2.0375794045479734,0.07080275986609379,1.8248411723964169,-0.8618390042652053,0.3301100029001416,0.4174801957497762,1.1912661984986521,-1.0334360315190092,-0.41440759487210055,-0.8455006483941372,-0.1061336931231964,-0.8673528704172074,0.40936677921826836,-0.7517707014137032,2.75840089495907,0.24592914110054587,0.47975952369486924,-0.42247158287274456,0.05774278253383309,-0.6077657452543519,0.684877460818736,0.0751859430852588,0.7939385987101311,-0.21693621853502376,-1.31390136770218,2.6818034207353643,0.7784224794448664,-0.29892046310753473,0.2500716750318209,0.12995988318329857,0.1430569943063493,1.9888807147668721,0.1760316961398172,-0.751765934482173,0.011109117709173794,-0.5431354105408436,0.6237213098769006,0.9180571803999418,0.717097426197669,-0.8313529155665061,0.6760986328660024,-0.06650818042148317,0.22823931332838548,0.7848777068063675,0.85405759124077,-0.3077200869748788,-0.04408514627094609,1.2815958735332296,1.160515367100739,0.11794309059943615,0.7720546447669151,-0.03077137251959968,-0.6810631809409085,0.7552398201793499,-1.3612076474569859,-0.9680115947144512,0.018335677717595932,1.0593273555885099,0.47763427238051637,0.6955371595517573,-0.47070143672502474,-1.0436604686117426,-0.6816113166043875,-1.7987701830043645,0.5371963040664857,-1.0747840815109824,0.4861211648619579,-2.1508596453778597,-1.1139734662510818,0.7838242946964716,-0.5260010615581618,-0.049744372530596694,-0.5030607206311698,-0.8118541012910026,0.5686066323103688,-0.7598749479944695,0.7751699306665208,-1.9491825973976595,-0.6569901392974616,-0.24601861699110725,1.0990038898823162,1.4138175958010186,-1.1536337734979571,0.4208960480456607,1.8577219015936322,1.8583034696271785,1.102441697971921,1.476502545041474,0.3365375688017063,-1.571406386364007,-0.6120713743583435,-0.6454496807799609,-1.9269143566188276,3.0151828618426317,-0.035401610292505964,-0.9829760046981956,0.0608787904441424,-0.9614205898417026,0.7369753915369829,0.4915642027902246,-0.11707347566550896,1.2195946151761863,0.3364928403495583,0.14848746280495004,-0.2409811325330228,-2.1593309255858895,-0.376088436743928,1.0010696509776758,-0.4614259805487237,-0.6644216272830027,-0.1770332263913701,-1.5031135498025967,3.0599680152397806,-0.3025679356550643,0.5020081101178827,0.47464026902811474,-0.13849063919100324,0.22207363865131427,-1.2483162838686626,-0.7251557249195508,0.1433511348326355,-1.0373659136110311,0.3887515547568331,-0.7438979614835834,-0.5513355123552881,-0.4786047533891041,-1.1398394803204246,1.144839054622947,1.3778487335684335,0.23745142551876725,-0.18536732935993813,1.2093635619556602,-0.15307776846359994,0.226583211991761,0.5117657485247318,0.3775724714923147,0.0474439159428138,1.1861940148927925,-0.27533422708763006,-0.5244084322867826,0.5089416403858635,-0.08972564357537824,-1.9019377760971337,0.9784165820818077,0.023020420560489516,0.39577964568415275,1.4037627349322028,0.19415362241413106,1.1800544207962618,-0.23991353718705327,-0.19523840285456528,0.2824174448081489,-0.5105495506604236,0.38738971965946706,1.1528793699653772,-1.1244004371516096,-0.00019888457280587256,0.8472231455837419,1.8961252708115692,-1.4831604222723802,0.5443462291124448,-0.9137438297991732,-0.16754158500339725,0.1175060090259607,0.8758285878197322,-1.5408127455507683,-0.650791036817517,-1.047380105003082,0.5546497930413326,-0.07877792151079015,0.47233603774035166,1.52046943590473,-0.5902387038927707,0.24006798697689768,2.132762525519116,0.37262140773296154,1.0413527481978284,-0.9036513026662043,-0.5396684816073237,-1.0880045674887695,1.1073832782092476,-0.17441802274225007,0.8860189816295487,0.5093989084126245,0.34887539117866795,0.15013822996552337,-1.0522972837017297,-1.5421069756285795,0.3371239052162962,-0.038047622949898635,1.2997567734669488,0.3486057598142926,-0.2851973233070312,-0.9829128416053896,-0.7867861825018956,2.0869226725878165,0.25287153535210116,-0.09972097048674627,-0.5760403598214182,0.6928465218043938,1.4445717909779539,-0.09225798144102479,-0.7217458459223878,0.7681727313735759,1.2971376316414815,-0.7426020479797424,1.3415153834759737,1.5571463256518385,-2.014659425916547,0.0835444773517241,0.1942835911563499,-0.6765238947117025,-1.7892416347220599,-0.6005988271864622,0.422756586387394,1.6073480390042174,0.8047416710112143,1.264797272959659,-0.8697588621269726,2.041688476202102,-0.6844153389769838,-0.5657306526966408,1.0963431016784495,0.1520889859134457,-2.9392558746637145,3.053313305619768,-1.8909772886567673,0.03221735181440615,-1.396204431979708,0.2849515372017611,0.8477016948751923,-0.19539527273035262,-0.5021566949124864,0.17196445032628396,-0.40394233117801914,0.36120709717264604,-0.37065667477011266,1.1351899251075863,-0.8504602511321414,0.03276114078869703,-1.2405149996377394,0.3166336019491659,0.6885241627580891,-0.9535784232158463,-0.2950468110063022,0.7909401341628511,-0.325231575419679,-0.2365040370544413,-0.6039176512293842,-1.800662013522442,-0.3805105361111708,0.19196101605285593,1.2486901720771828,0.857994292992417,-1.660417106062781,-0.016803673851199567,1.349247072200573,0.005617284934761639,-0.8819338782295599,-1.598710247452977,0.4470886911880469,0.5100597499682243,1.3953314688469756,1.2977824241749132,0.20493897465836627,0.31383578192910444,-0.27403295898192814,-1.5767588441471283,-0.7713495272166154,0.7631970188473041,-0.5642285906740667,0.6129913032968217,1.472669574744371,1.055310375054558,-0.3118690567828534,-0.34244260983317226,0.4809694573617592,-0.4602893171974535,0.029728104615915817,-0.5179198319024516,-1.9437927102640695,1.1045348109552777,0.19952492589877976,-0.20681495388107313,-1.0304649641469876,-0.42427869107650545,-1.0456861975563907,0.46894024305187987,0.5779791976637249,0.3739260805382584,0.22121883862820252,0.08388479540005497,-0.44437818718912053,-0.1981053468026718,-0.05954873352891297,-1.1173295967170938,0.08622033613055795,0.9197438378083017,0.37599754171296995,0.3145477563956831,-0.14374620158165594,0.6487510278102621,-1.5720502414376945,-0.6936046867374858,-0.7491750946829534,-0.9639865393368662,-1.2845069337637023,-1.2776702499585035,0.05525432232622069,0.15666979302584141,-1.2930863228315066,-0.20833929780425658,-0.17769643990929945,-1.8275433925104188,-0.09605191157988649,-0.43763651542753595,-0.4313291718530609,-0.41851097683900734,-0.49196329045289816,-0.801002556020654,-1.2268635730938184,1.5822137357942463,1.3402247539774892,-0.671219503553628,0.5485650217841472,-1.5235297594897022,-0.33130700189113593,-0.49826824581885865,1.2018226494778514,-1.277053447512306,-0.9422669082293214,-1.1060265997483474,-0.6646598898310712,-0.7063145138043223,0.8937249343791145,0.49959031050499214,-2.9735935107767295,1.1862021291036446,0.21407141348882872,-0.10141706736844894,-1.6054823692540663,-0.2448272720915256,0.7301412144374309,-0.42664923940330257,0.9764884190339177,1.3257931241125342,0.7291857729530209,0.715680609867991,1.146372029707427,0.7205213522548873,0.11878074943589129,1.4993698315378472,0.7797634376776146,0.7546820049761362,-0.2755407410833687,0.16837094680450052,1.1418025600224357,-2.832327260107325,0.7309477463853576,0.12990413134719123,-0.9386544044732144,0.4322898347581121,-0.8893226619545379,1.8101401816443246,1.7828319327597937,-1.4548966463644832,0.10086986584915895,0.299399527966108,0.7176151149023725,0.0009890540288411036,0.3121357557742834,-0.5611161795805103,-0.12496766492224715,-1.497855435152482,0.00019730801351481328,0.4884805128239468,2.042903218709616,0.9160665984384949,0.04093132114616284,-0.34479176125410793,-1.2141802797180503,-1.3724705582908026,0.7321971974143232,1.224595590344925,-0.271416989220218,-1.3385980655637988,-2.109997679115897,-0.7856257550027808,0.04781703314624148,0.04854411653478017,-0.6268167150911225,0.21315270514334778,0.1469430703264835,-3.0851874389578753,1.0179595265162766,0.31053257361897046,-1.7541773535334255,-0.48089432225944495,0.08427120932709457,1.3790204875268066,-0.16475180911925305,-0.12459832381270984,-0.5230734501504194,1.3926025079974027,-0.06403611867642849,-1.508148926946922,-0.8839901959094978,-0.26573929381469324,-0.45142441723787985,-1.3220767225373278,0.15888470352763015,0.42809816181968285,1.0301212801112294,-1.2476503689539211,0.7621485247524802,-0.65174250518722,-0.5637547282711829,-2.2772839353593195,1.0290978577948675,1.0138609758704653,-1.3885098386816916,1.696508810228609,0.503665193582653
-0.18908777784684624,-0.05194506036211457,0.015042810828786692,0.9430390455289681,-0.6397758440661867,0.05632679495390873,-0.3568609821836992,0.7472928338398648,0.21172978672007559,-1.625555849659634,-1.0855878540849393,-0.6979470605299614,0.2361037336443037,-0.924618757111266,0.07671867084157327,1.3102702055719488,-1.0829911189315793,0.16306089564973622,-1.452268975249169,-0.34091513086762937,-0.9682960994533458,-0.8750815574400801,1.1546749268517813,-0.39283566362435596,-0.39518826424642295,0.266897062097163,0.10114865808779722,0.17836005318295578,0.29870807527496934,-1.7358917177643258,0.8642522787619834,-0.8099669646362976,-0.1912438450222468,0.32391128723924295,1.0273157118590561,0.9497803740658861,-0.7224103653844557,0.6121288914466875,0.6599121592834921,-0.517579316060087,2.0011728612857764,-0.46686056711899127,-1.0611319057542017,0.5571926449310727,-0.3071908852800035,0.7063501503530205,0.5858341917427913,-2.342811645312186,0.3263660457834719,-0.911447683697341,-0.8583966114535316,-1.3153750544679725,-0.532824383880701,1.104435987095738,-1.3211199057806051,0.8495617547898748,-0.5940404970467006,-0.8517705856462668,-0.017077592070376423,-0.6868376363827009,0.5303764807822253,-0.3631228061052374,-1.4769653032527603,-0.7172345216930072,-0.12045474529733952,0.5398878484369745,-1.4685119156692412,-0.1613465886134503,-0.10594644630161794,1.2926383413863782,0.12881874227635942,-1.05435678063679,1.0840681363529843,-0.5726471492520497,0.3074136192796262,-1.1983697723814484,0.26819983915077733,0.8305059683845494,-0.16226622536848603,0.5861713257526792,0.38989247604217686,-0.1452864738117374,0.13778264473995241,-0.07344978223052841,-1.8367927604493113,0.7841584798553327,-0.5960649493069686,-0.46920544453354107,0.2070368983036244,-0.07789920745197068,1.4351336273623625,-1.3404086065436416,-0.7465980940794347,-0.9068011584568076,0.20265937712897056,0.2313925111488919,0.9132658458405414,0.7826827894078676,-2.075422221566055,0.6002459709564899,1.0905890016615838,-0.32982321062053377,0.6323521264186304,-0.8600182807399317,0.013233222688409768,2.0435079420711957,-1.7498061069635718,-1.3294472738356955,-1.0123284989835628,0.20559453445743073,1.871557583268202,-0.5687404714072553,0.397114455269036,0.27821249142067467,-0.8637271150420441,0.7352039251623953,1.3538334083945442,0.8415223170652014,0.7291639946398738,0.723480792764639,-0.7790883895141673,0.023841959654593823,2.120352713944439,0.004770590630063407,1.0092726085826462,0.6766024232641178,1.9973306527838868,-0.37214133787889336,-0.11871265563028092,1.0249783217152426,1.273465666357556,-0.5934490335441205,0.9067750803364756,-0.019241889264513087,-0.40813733709274036,0.782845824027021,-0.6299941356120837,0.2759466609881081,0.37744803970371793,-0.29223002248048335,-0.31610802967844165,-0.3847202786982803,0.014128178552182747,1.5377146789083402,-1.4523443436213788,0.3491071016092693,0.6268616642596576,-1.1560209120270664,-0.9801221433546731,-1.5263786972207287,0.15014641135314005,0.06991768035907737,0.9063831359816559,-0.6720254272615188,-1.0405499586824276,0.776521969572079,-1.2136718832435875,-1.3135324362936027,0.5312418607850329,-0.3438633205450286,-0.8745517885946757,1.1276738958986985,1.2924311093429501,0.20438401431327405,1.7462969664329269,0.6499583226329327,-0.6382857150165527,-0.977522988589755,1.7863992278448904,1.0274077332775398,1.4880922256738551,-0.7688439207047391,0.5007800385516032,-0.7351050602046013,0.6988980722907153,-1.2243523487108519,0.10483160408916213,1.485278640435829,-0.16609539110023588,-0.5196442282246545,0.40651611366142176,-0.06709485553720326,0.2991312970546088,-0.2684785882670602,1.02529589922284,-0.6209967493216345,1.9961709856456278,-0.42754004481233104,0.24171734297893835,1.4784767711315627,-0.033696115813471886,-0.9052037035076045,-1.2970597607675816,-0.6494433278384961,-0.1638496058290154,-0.8412791910894782,3.173608950284868,0.5638889392904235,-0.39291120321016204,0.06451214084769671,1.2572739879942143,-0.8664679927953095,0.40619692184414885,0.9364321740880445,-0.39744089273117994,-0.5686070575262251,-0.5590851197140111,-0.08666720607137487,-0.25380639086049733,1.5726051136554875,1.110915175863284,-0.32516694802189544,-2.140075967730736,-0.6641184611086863,-1.1902984711247053,-1.236973751005289,0.8305878874802647,-0.35908462473396213,-0.6515809536007522,-0.34535587395663797,-0.9384757486252727,-1.3924829389092457,0.45837883611965985,-0.742632088164317,0.8640216916230298,-0.7594820871612389,-0.8395514309834516,0.015586045081912471,2.435098169953539,0.6955564837014352,0.15434700641352503,0.07184779376058083,-1.504592538815832,-0.25043601763781126,-0.9216032651730044,0.5693172855515882,0.4546262305154283,-0.7031265596929741,-0.25940164360401746,2.160616462109756,1.8447620946969496,1.0670039286653106,-0.3832339106962663,0.6450901284395628,-0.7159734249753903,0.07795459432180284,-0.44349026453249646,0.8161336728552179,-0.42663426806916116,0.006081016253955516,0.8464617454485585,0.7674771728400551,-1.1549951135502123,1.0820639643627854,-0.7025280662778993,0.05266121266065642,0.2643177031777579,0.14774970416286035,1.9796206276969766,2.9490960062385003,-0.5011715525878836,-0.6296423049582973,0.9123249064764957,0.045296873371393404,-0.16003191804056416,-0.4990170384937364,0.04271638284440295,0.4300212259117,-0.3611969484089457,-0.34043922031767293,0.7354069322990792,-1.3672419400771472,0.765323675755779,1.78835009101101,0.6634562504187174,0.776033031651513,0.2556626844480403,1.0727274330350791,-0.4408063446756929,1.2474819192532285,0.36433802921225417,0.551535662129087,-0.03462477584809208,0.1650032886506538,-0.966891746238834,-0.4847306921715058,1.0453376800320429,0.25718271716578567,0.2550455439575872,-0.2090140824597514,0.017492821236396516,-1.2940811627189261,0.2561467354963394,0.23835213709934627,-0.7648622112844286,0.15682228770899226,1.232675218462784,0.0716968041765609,-0.04937670200290136,0.3840805629581379,0.19934483771913747,1.4632341809992524,0.05136901334177211,0.8162299282858366,0.3424223682165317,-0.7553625781712772,-0.43939978303124294,-1.8439458727371023,-1.5211488160688988,-1.3498000052995662,0.9581105536261745,-0.08145213185856878,-0.8217767302618872,-0.6362390668638735,-1.64716582511692,0.6190697815433784,0.7208186416828551,0.7204106551816852,-0.910521143019837,-0.7772122675482414,-0.3206172579116234,-0.7628016197990776,1.4217292923730798,0.4256897834301559,-0.0029036160659307816,-0.7070538383831874,-1.2894592413677475,1.1679556693495285,-0.6270345022928179,-0.4861430653634673,0.6244346018078355,-1.6120193076987472,0.6096556724222457,0.9226517536025982,0.26634793453505934,0.7780038227663608,0.8524526081340961,-1.6878285331922527,-0.21446297059021535,-0.9607729869206227,-0.6252799875507288,-1.439686358799437,1.4079119061752534,1.1580730936118342,0.4934941530591622,-0.5057643961571394,-0.7214383468475227,0.881640925085515,0.7098078703262837,0.41549903132773564,-0.4245849086090221,2.39083603390657,0.8757556237531069,-1.1785339529803527,0.022300742493177216,-0.06857901822800413,0.29812539585240744,-0.3583980428159006,0.8337784028973108,0.6441786878010325,-0.6775235732123255,-0.9812928596016869,0.8832650037530937,-1.0269302635372968,0.5069004368522017,1.4370029688787502,0.6779133680179952,1.275648456377794,2.2256072182609348,-2.24551809605168,0.5769646612521326,0.144356699901904,0.9924863860414626,-0.09344265142957589,1.0201733863070908,-0.07007402159731728,-0.691430715552754,0.9153800537481581,-0.8209337626621204,-0.814069729081071,0.03693730671018617,0.07338864183871996,-0.938276537839013,0.8895409375835538,0.3999334834417522,0.02037915057948771,1.3164103248284014,0.06743493318216932,-0.2872704555707469,-0.7014476164303974,-0.7193838936664605,0.22592474359149348,0.4654310461152153,-1.171541256877729,-0.5182358332162655,-0.04565472809201857,-1.0771471841514897,0.25209195202132045,-1.1882562936418195,1.6956658526723394,-0.8121511738421112,-0.9906286432131798,0.9955426233248982,1.3811133120200842,-0.17560704170896366,-0.24249731873367822,-1.0348950881047805,-0.0782237146991341,-0.15083013699639847,1.0206403344576098,0.4444190473998251,-0.7436454294823331,-0.18968833197980825,-1.336128099286849,-0.9087159979701331,-0.7596998318254032,0.09140283308563646,-0.6563266460839366,-1.0470726485684347,0.8102446633216658,0.7442342368488584,0.3763229487837795,-0.02304290813836511,0.12179340641822035,1.5887122741000823,-1.703071187779163,1.1094536538913777,0.2746107533399577,-0.9500422751945211,-0.40449186614124377,2.813675914328288,0.9124445307409585,-1.1355930803435177,1.1030531165801476,-1.1258984719405438,-0.6382659022021301,-0.4063198365958757,-0.14543818663160035,-0.12421589994502198,-0.4006761034184653,1.6848313555985324,1.7833673958238585,0.13529317958351436,-0.36543704541997746,-0.9477712486563689,-0.24989195525104843,-0.14797281465798026,0.40726896991040473,0.5051389194698801,-0.6637090873940357,0.48494855864992287,0.11116002070038286,-0.033163311109434934,-0.49164864636854455,-0.3349026241572219,0.4275909759479964,-0.14868516143147062,-0.7607073772016456,-0.5847921982322127,-1.0229333415186463,-0.49914172661146466,0.39199917839709647,2.164866220801086,-0.6839589814637932,-0.306405668416971,-0.8625111997120292,0.3346350287846301,1.0402504708491367,0.5956946180755025,-0.29132934799592874,-0.9116244805334318,-0.15389090792564653,-0.14742667285903605,-0.7719808804831042,-2.075157986799411,-1.0222476184008933,0.13025803326406862,-2.116501825949214,0.10432292222838935,0.196899188219848,1.0102476741442585,0.3814421951967846,1.0861035612927836,0.4139222081526677,1.261065792618277,-0.9332799398593324,0.2952874418862153,0.4960266925188116,1.1196975113441496,0.9894246489657967,0.6090931840270617,-1.373863050031253,0.7677188711975594,-0.061765631762703485,-0.7267065992959377,-0.3778162555195826,1.0802610646041804,0.03582875908977966,-0.06705682283364738,1.723329603934477,0.08592800312095131,-1.243108982398507,-0.6350963106872334,0.4225433045472043,0.45305698583552384,-0.5226374180766873,0.7704967199330243,0.26266003532062215,-0.531814882733004,-0.07285840040858178,0.7729132484783836,-2.1208763456065083,0.017356046691121205,-0.9362238505285492,-1.6481810200824196,0.49456070485360004,2.884808345104201,-0.3828422000268986,0.8786136393449879,0.3156597408301434,1.151343027177115,-0.23263251963109113,1.5284189682723617,-0.14328874617002224,0.30195318741471694,0.11540666589316428,-0.14275439312061558,2.375879033341541,0.07267958886313164,0.26603210652939274,0.510237956647671,0.8356850971847799,-0.2641614419973971,-0.004918885132422332,0.3488095933024471,0.4082832322396928,0.20283938773858706,0.12012271826737327,0.08336690738196036,-0.9677115234592747,0.4525820200434923,0.773601673632196,0.9331001390509391,0.9269516606761097,0.6583594294101077,-0.14016018674942474,-0.43118230459654217,-0.3163576354241509,-0.3656577335050643,-0.16807533676313768,-0.8966677957818633,-0.09548481193046249,0.149919196553843,0.466703060139269,-0.8486621359049294,-1.4033148181412147,-0.09563290934975376,1.263551801370085,0.90480876092714,-0.5671003123151653,-1.6282072391314206,-2.4315702485372936,-0.40897326048022103,2.9605550013271773,-0.6246643287213419,-1.130311527329813,1.331140302922125,-0.9787413163711137,-1.643457063831415,0.3658593877179909,-0.34859635478152207,0.7301017144146481,-0.500484783836079,-0.6030548841520983,0.933272423975821,-0.6815655707253085,-0.6837968312131393,-1.3782338824107183,0.9971994592823522,1.2052741968217937,-1.5302577790140726,0.667741223187795,-0.306104167196434,3.450342489345896,-0.5856654603396665,1.4810859540668424,-0.186057200163485,0.9766646516988234,-0.943484171291314,-1.64097421637083,0.7720059728710976,-0.11174938500163982,0.955716096739169,-1.0191310031846992,-0.46210074609604074,-0.5461468312214196,0.6911216922293887,1.0745200823959362,0.7900633244001234,1.0300981664576034,-1.869860072895794,0.5185461468649348,1.7171548765667013,1.031515435820853,0.3517437663068097,-1.658916375516806,-1.1441960548859031,0.25139050945903657,-0.013422093096489134,-1.0794112571576668,-0.0973378992920818,-0.509452735980757,-0.9576537344016343,-1.8944674562070312,1.5022031034504728,-1.2053464187050085,0.5377743591209452,1.0712000404658395,-0.9739757334423206,-0.2900191844950556,-0.6697870148845072,0.41229453282115947,0.4834463308842031,0.45104590716382764,-0.5873238238999616,0.11436277600592239,1.616551262824085,-1.6596070726052752,-1.5248851222524251,-0.42331218779444113,0.7078422603002125,-0.8935824179189346,-0.5322036574616632,-0.6848464452595912,-0.05791482327395936,-0.3021041760818528,-0.503869586393911,-0.7386423280763232,-0.3265780579823753,0.07551710130993303,-0.18489185674691877,1.6360619593798091,0.5219219698120116,-0.9984176767339914,-0.733055899593946,1.4515089548556281,-0.7210877259286459,-0.47450172105887134,-0.8443998902269804,0.789410642930887,0.4148036904403516,1.0241131760745226,0.09274162409607564,0.3086645528584894,0.0007111878144537032,-0.598510596645851,1.9432057799276994,-0.5434898297710911,-0.3057207714088049,-0.6722832105136951,-1.107735841788893,0.9368275480279998,-0.5845281768948418,0.13873996761546456,0.23206965816926933,2.9273902123623796,1.3382775012870558,1.6610154435041313,0.2034887936792698,1.4271212661737167,2.0488446588943314,0.6848019292910336,1.258189574806961,0.8375904062035657,1.0406822167539123,0.1342738360298077,0.2686191645379512,-1.308340319775539,-0.8783044359614333,0.488544722339569,-0.7296938942899428,-0.0350398193448473,-1.1293967706584573,0.8109348312677749,0.857197361362757,-2.1757799721708047,-0.15945942961021214,1.5491574515841977,-1.2641984017360133,-3.6483521826838694,-2.2328491125697445,1.310391285687334,0.5908668943449716,-0.33116307800772504,-1.1855508557440346,0.8293119350510112,-0.326611417249679,0.9428604563304095,-1.1384970612900083,0.5366751440452775,-0.3154321114289626,-1.2192486559937517,0.09995259775297077,0.6901180902162666,-1.7573535804876164,0.7087600313483411,1.1472160419230681,1.5665641346189412,0.06348045071338755,0.08320069104802563,1.665972708010059,0.4224848433352602,0.13402767780383495,1.2030212990409412,-0.4237529545184896,0.14896210897978984,-0.4957311667762172,0.7723957731499511,-0.5343673949487564,0.20612561110258304,-0.27285875960128014,0.3378386999316947,-1.5753412734831882,-1.2205455749307605,0.16339912220443084,-0.35704518508550237,0.08000529637068535,0.10960679074118121,-0.35301233312478725,-0.9560587219874921,0.051613737255171634,1.3524884419674914,-0.8561770519789798,-1.7996949096542216,-1.4011443314427108,-0.41172043275806697,0.05957145345129293,-0.9474855782288596,0.9532863483007554,-0.07341792498585982,0.33076306146428525,0.4445692934340481,0.013784414171622612,-0.2527269787945285,-1.1107561314579422,2.0027496252456003,0.6463729037349331,-0.4752186768034604,0.30393729882478365,0.49777224411756266,-0.7091280324567137,0.059813973692681675,-1.0391266938245358,1.3959353829602423,0.620152988474422,-0.6264959393152094,1.4301809563765575,-0.6731702117101006,-0.5012234330123363,-1.1024611154559587,-1.2816971087779736,1.9207147643597207,0.9255852738120373,-2.619864571668865,-1.1960888963208163,-1.414531958918423,-0.1645953193579669,1.1503161685551333,-0.5361773835086479,0.4358243607382882,-1.4596747917028485,-0.7576749398788967,1.0222915195519333,0.1451100719602713,0.41750256401447555,0.8493399558845453,-1.875825112326203,-0.5657818937692034,-0.0771048045558488,1.373039497897294,-1.1133295822739213,-1.5165643620764175,-0.02177103487413428,1.5984567354672612,-1.6291592719965764,-0.6701301616298498,-0.042549164214708,-0.2631886850911381,0.011517053921877093,2.2645650301466804,-1.1917655623998304,-1.4808610507308682,0.7447043028350987,1.1594569266956654,0.46567223331799573,1.8550196532760268,1.545833756993597,0.13344657844683885,-0.8867913393881782,-0.3734776954844064,-0.09926750277933874,-0.866579698609895,0.17324455617463158,-0.29845338563743895,0.7312064569913884,0.339699644224527,1.3939295926396476,0.42842419814870325,0.2767727852457228,0.21601217948554438,0.3354360792942735,0.041145616635153814,0.2574737330699018,2.1219679725152503,-0.056946480945952914,0.1368384887610193,0.5730981672718648,1.3741114031784776,0.722457773718135,0.5122305334877896,1.6702279543927472,1.375215482884329,-0.4137926071706612,-0.5680568599481786,0.4242870213296935,0.609746017067922,1.5559030715418805,-0.07497662764812031,-0.07648658562235341,1.0703647501268827,1.3333949208204938,-0.9949612380583766,0.31880868256889194,-0.022031165784024063,0.8732888589051198,-0.39154386441122613,-0.11012200838732293,1.821951696416788,1.4002424216647502,0.9264421514746306,1.4451919449466855,-1.21842160888225,1.299009552466745,-0.275006575022926,-0.592942775224598,-2.323156007522506,-0.8496443741452755,-0.24355081708911047,-1.3533527411714352,-0.19500596340387227,-0.12751997939393364,0.8299694697312755,0.5397159416053968,-0.589673266516613,-0.9195070210443688,0.1581853759156029,0.598597033213687,-0.7063889094779369,-0.0922868038446804,0.7224649904449647,-0.3011651930352247,1.0778078615101803,0.9246029914350602,0.22823679838010272,0.39972606169463737,0.2895816912874446,1.409440114476184,0.8338637386679218,0.11385754995034483,-1.9994186189111478,-0.005839071957068298,-0.5130567932970315,0.25569612614262477,0.12863062952870566,-1.814600583511687,-0.09461858116663734,0.2237771131906393,-0.039659201955088756,-0.2804078751655831,2.2000309639969355,0.7326259227622337,-1.0459737361703936,-0.10096309126578167,1.2191664359949654,-0.012262273526979369,-0.45070577244340615,0.13855807738685555,-0.6544790711346793,-1.4063773605362413,0.4951158767665279,0.7828016438460871,-1.375942119929735,-0.8263942274978197,0.19031256910118108,0.12074604048024912,1.0774972528379168,0.6390916169888705,1.162044937303344,-1.4801863978602736,-0.3691847260445383,1.2645115594925398,0.6999139519704871,-0.8561694949230755,0.21560473608716357,-0.968016113551969,-0.5807285260113444,-0.17995060538719487,0.1715611965925693,0.4049578837241511,-0.4336600152705188,-0.48054291806095667,0.541142101777934,-0.6275104321209494,-0.3713726521895014,-0.5771126518836329,0.41983245935670727,1.2272546736950178,0.6211784446326687,-0.4296271343371051,0.7923031909523816,0.30886296965209786,-1.9727664198990158,-2.119213467911508,0.25996169519428974,-1.8885132152407218,0.7969822516890023,-0.536436267098607,-0.13415936349555177,1.770054186975992,-0.8982087506439932,0.9769019459239195,-0.11228097362392249,1.5255373396778147,0.09943843178518455,-0.07554113204745544,1.030979445098662,-0.04855759474186096,0.46567450394976345,-1.4535304973775893,1.3767837315068043,-0.41521251085521754,1.278412531091609,0.4427414866766748,0.9583159750882861,0.6080412990759572,0.49068990046997996,-1.7938882415025617,-1.2845841472887545,-1.9802081380394385,0.25929018193374404,-1.1334253557580898,-0.7955279158390152,-1.317554290430857,1.2284662188975302,-1.159324236876637,0.5054391541796156,-1.0081747170735713,-1.3975714061895745,1.526605951112283,0.020073150050948237,-0.245300132760958,-0.2930749983354445,0.39537020373812753,-0.706557987134289,-0.6196562815038187,-1.4312823867184208,-0.8134099124605154,-1.9159552053323232,0.23983922476847355,-0.7146942680296465,0.4892494151446903,-1.0118301926864905,-1.4235111959787248,0.040217888398431476,-2.1780782497859037,0.9933919039199695,-1.2857868517089879,-0.39582085280374496,-0.6224824834515709,-0.7621216283543216,2.3243947646269807,0.6470882409854604,0.7726438950060734,-0.6684237485947353,-0.08949048539024962,-0.040131637707319,-0.055930619714301105,-1.5460307642120295,-0.2965024873825454,0.5745720937121551,0.1823784228542471,1.1269261687773064,0.2624030391980761,-1.17503699776863,0.22328341329871998,0.745350649699081,-1.5336849348313404,-0.31361144263159685,-1.1067612503790853,-0.3065004356961778
0.5487383784045008,-0.5011067132577206,-0.36839777635662524,-2.0639255094032474,-1.6977505361818337,-0.6717619077494869,-1.2101684608749095,1.7452907022350417,-0.21429041121861786,0.5869338132895456,0.5058223637833763,-0.9353485894058324,0.48133873706196034,-1.9294760180889787,-0.025666443486083212,0.749653392262641,-0.2596378970120749,0.7834966992015088,0.6848855693915865,1.7599805247686837,0.1414313652371857,0.63052777166519,-0.6853114162342799,0.1692832640686414,0.3886503860319938,-1.822422512839288,0.25388191553317596,0.8046368335780001,-0.9622410419087022,0.3041533067001862,0.679142196979507,-0.40618609841508735,-0.599362482378951,0.15337151787896383,-1.1107313680830229,1.2118898331230152,-3.289998505292775,1.474690078539329,-0.7837458603241614,0.7097198372263699,-0.8176527684981352,2.1520970550892105,0.5372885434126013,-0.003677513184509156,0.6564849341240179,-0.08000805954123405,0.957138599963943,0.10826300926443698,-0.5723962228414556,-0.14892720700835568,1.9284654823110363,1.117435550711924,0.5247126777010035,0.22128202505795155,1.525579905331299,-1.3288036085259771,0.8175564434821943,0.7288734455651311,-1.6329419290927953,1.3025315011325391,0.6953578937668138,0.9753477456455044,0.8730611356404968,0.8214359764505745,1.0852824495564573,1.526743101162751,1.6687710880767945,0.33342432214160145,-0.8191573410704106,1.8572872363453732,0.9562091281150001,-0.37747700264870343,-1.026492967406871,-0.3896579046407219,0.10732054018349171,1.4315157699493206,0.1975909278885429,0.5232824511610458,0.9222682015372161,0.793286502876851,-0.2188341969087846,-1.4238627661525205,0.1525589604486342,2.59183673333275,2.8151161555890707,0.25819245181871064,2.425656930680933,1.1065576036704639,1.5696427639905532,1.894454157723061,-0.8629868634260776,0.247235651526376,-1.5463883204390003,-1.3106998976854176,-0.7891662515662088,0.4745992976272287,1.1236682151915631,0.21857522156904208,1.2799656029887359,-2.0337194370020577,-1.2389637146423444,0.8694248167142943,-2.347045245704807,-0.11623934052287022,-0.28576122780666047,-0.4325799688597719,-1.9463432997007801,1.1287431279395321,0.23458062387065218,0.3933166223573677,-0.197511959618868,-0.45171313487650133,1.238514563724648,-1.7823961728581208,-0.42453509502767445,-2.368888618355736,0.63829272362862,0.04273625573908247,1.5495258921550892,1.6636947138210425,1.4375858148106848,-0.09478695094693342,0.13087514017804944,0.9064578643432044,-1.1024827853395716,-1.624980010583954,-0.7121939742378076,-1.6512229096338695,-0.2777064550244723,-0.7704018666074136,1.2222853164343872,0.2205142179693835,0.015370559271350913,-0.6888921681694307,-0.4873999924693259,0.17694184707137597,0.11299031086300841,-2.353164427483351,0.5289027189444014,-0.45880618386337035,0.5165306536443088,-2.3923647132889654,0.47464512591343905,-0.8500690596370499,-2.1091817062735356,-1.51628403741766,0.7992320294338577,0.5189270050678944,1.8434361164040869,-0.024946040147492406,-1.6252884551565854,0.038370537343612204,-0.9498731765393758,1.39026448262128,0.43973854132849266,-0.9468318528043971,1.529625755674622,0.12111689568058798,-0.12398973766426771,0.0005009350956322786,-0.13403015185274683,0.18165367474944313,1.1164919528953257,1.3866652268368,0.6050440292262916,0.8697972358894306,-0.5936112801105103,-1.0195286022644576,-0.3554907731201146,0.019880212123509915,-0.3560945276306517,-1.2881354334294939,-0.28358419493789566,-0.8007898381267169,-0.4360018247296169,0.5644809579419747,1.8278997342348784,-1.1056774932762914,-0.11820404716739343,-1.4967194004666156,0.21138715368921351,-0.005138451708295628,0.4698609319349046,0.14869524035816853,0.4430230959868814,-0.26492025507715855,0.6292163207842165,0.2130489268412057,-0.09679584259834793,-1.4520162007484239,0.8036395131180677,-1.2619176279122912,0.9393445701405243,-0.3690505223114401,-0.9732401868611525,0.8360785549086114,-0.5241284914089068,1.2207731447060821,0.5767736390290863,1.5748751712362385,-2.3378832533156686,-0.5857972083583531,0.4010404487449327,-0.7325923555648007,-2.170663606373322,-0.8975046674224154,-1.0299769840184052,0.8681850418410001,-2.444646075257567,-0.3377705289688135,-0.7636345312201388,0.6610770410495128,0.27315140296741286,0.39079368273677734,0.3118599416257921,-0.16184781694875244,0.4446170132571423,-0.7059422498818668,-0.42767515982880294,0.5817575864113186,0.7675928821147401,-0.6407977516603754,-0.6622959944376653,-0.9642892212969156,0.8046091764008212,0.010293775070513165,0.7693342969788453,1.1167049179567143,-0.7549708362617508,1.676750918521882,0.8452671604017656,-1.060752675731217,1.2817255500667946,0.7631062664969936,-0.46632304305883565,-0.45198896463246846,-1.93438596806951,-0.006355068268626779,-2.2427413705862076,-1.348861943618733,-1.251244428968291,-0.6352286100402509,0.24375999468014928,0.2030452920764004,2.7268796997754965,1.320200225852746,-0.9887997139489483,-0.22449740368112497,0.5530202235863253,0.25666407903778976,0.8736022428019401,-0.40188400492447746,0.24083571164753165,-1.0123987470766025,-0.26016797090547644,1.92647324491148,0.3371688259212465,0.8869273789881191,-0.36520084497313576,-1.6990861592562794,-0.8461476695769657,-1.8804917599482676,1.6149668395647296,-1.1204999166913268,-0.22865075224094167,1.129291458216184,0.8226726603422614,0.41829545539639656,-0.8015067168548498,-0.18818251976061814,-1.7796161717288577,-0.4034480532502988,-1.9772091887888341,-2.4058764469949403,0.7639094576156633,0.5917409522605587,0.06800535076024644,0.7052094597111686,0.14389273348508283,0.6198373563965414,-0.141642123948044,-2.3674929781362204,1.1692937294729415,-0.46099208769971856,1.420575595691865,0.09309997339392077,0.35781824176199883,2.34495087400803,-1.079242234284759,-0.5576512935704021,-0.19109074631871578,-0.394367418424802,0.36134221737400374,-1.0227246022424747,0.9915517227916059,0.043147551024941166,0.2515018865904133,0.25060920188598707,-0.14088820484229717,-0.5024409576966846,-1.2666711306898646,0.3795615515380278,-0.5693465909184077,0.11009226890563924,2.035245699595719,-0.362158048627715,0.3482961452739258,-0.2789350358517992,-0.11788518163451005,0.511445560126876,-1.8978735902447457,1.4426506406951307,-0.19704143054963985,-0.14675043219420666,1.4063427597668985,-0.7566740675763481,0.47330135192358186,1.4316536252070298,-0.8578558268612245,0.543067534163543,-1.3820047295838256,-0.4859976855356924,-0.1625659262079354,0.3399808575597868,0.3256092136632928,-0.2957607925976702,0.7642156418470399,-0.1919860241168981,-0.9390947334868145,0.6260293334132084,-0.6803019684791716,-0.3779805303844634,0.6059947427007546,-1.5903079698717952,0.2772607795081857,1.2344985675053295,1.7322596444105407,-0.606966737351847,1.2910690255637653,-0.27828831190177616,0.7460001990110704,0.44757638677330963,-0.5206546787445127,-1.5291188130371565,-1.4002304274798214,0.22540328403730098,0.795925747254011,0.24927441807876813,0.7171711898927998,-0.45693321577017065,-0.5649730129898322,0.030394025531188418,0.6866727220650363,1.0720499957784122,-1.384739652160083,-0.6892329081260431,-0.1873152840699097,0.6992660261738726,-0.12471580594946922,-0.42435632621851593,0.3559596548647061,1.765598174719836,-0.5801062067146078,0.6415546227680123,-0.8135210842864639,1.0275516121400978,0.22568014888765126,-1.2570942177669766,-1.2951553774431852,0.5721687477236231,0.6303851985630808,1.6976691754566868,-1.792861013282967,0.9273356881755772,-1.8082355230115978,-0.420233904210587,-0.7545349585946086,1.6142939104536005,2.6503695689002242,-0.6798772615621373,0.636367425689903,1.3114976370290372,0.23241617530339143,-0.7495928360977044,0.7898423656410374,-2.1704632842396157,-1.6914557031052366,-1.1926081550955627,-0.39975740946116667,-0.34539194107218024,0.509282398772236,0.24709182188394946,-0.0785553648880667,0.711802283329505,-1.1825560185189825,1.3615472864956644,0.948846003337452,-0.5912069540440464,-0.06540601753189738,-0.6369154187582738,-1.4901453692023476,1.5764621753279353,-1.5059267015014721,0.7372874083348882,0.008512031778413717,0.39924364081167857,0.6868213249022784,0.5013283803299982,-0.5391793527360841,-0.45535941099157573,-0.24988632389791268,0.022740861573066255,0.42368761271356664,1.5452597176382066,1.2459506718405886,-0.3628239050890436,-0.9191858238537787,0.7518971127572799,-0.00430141145105887,0.12057947044374817,-0.6888131678759152,0.1394514318898918,0.12973521596682888,0.07395351993885886,-0.6060381824342338,-0.7107655790905574,1.3973254303568974,-0.2723030159623108,-0.4253396776820315,-0.6242546905939342,-2.2482717264121668,1.2057458354814419,0.1380737003496393,-1.1124515441209686,0.006004127066355387,0.43858519705603,-1.1775166054832147,0.38603674706903585,0.2819031735008652,0.7377711007403521,-2.7034404896680537,0.15363928504270488,-0.47899415420429264,0.1814000924161814,1.3267686693093375,0.8083239995419719,-0.3022756125855939,1.5443471266279314,0.5187242233558438,0.45926106737204586,-0.5608067593366968,1.4532480962790304,-0.9148682322334617,1.464300059887379,0.3879287230163678,-0.06002502273399069,0.8816058007962105,-0.6770787332096829,1.0415081304296956,0.41249929101466704,1.1509851708937329,1.364309492667954,0.22452237217164722,-1.0243135599936848,0.03263323626913697,1.1549814217891783,2.532837407120259,0.3218931685652549,-1.1074451594517842,-0.6602226657072814,1.081782028489209,0.3959573266416345,-1.0768419823907216,1.0580227278609753,-1.8824976855332258,-0.644299136281051,0.11270733078231562,0.9364616260576765,0.6386706226470352,-0.9302188910378962,-1.4785701558926305,0.029305462092439467,0.29062459260266804,2.681633306843187,-1.0814627568576476,-0.47306552479512337,-0.940881809287318,-1.5823059743780639,1.1350304428912659,-1.2870373496791687,-0.4229263709735228,-0.6512755579867322,0.5793774173965479,0.05713445581788709,2.113099523397491,-1.0759963429908976,-0.5961229321466638,1.1859562852699994,-0.33412888792433565,-0.2461517689241795,-0.4034578773241592,-0.06354202421933675,0.5554256251207367,-0.976738266021454,0.05383040370276717,1.0045523630377302,-0.8639912543573213,-0.8227183156924431,1.3352491867052587,1.342963904018334,-0.5565458126672319,-0.628260854615545,0.6498154417652816,0.23415739548736234,0.10702462351159421,0.24378810489532388,-0.1423648820790181,-0.8373586560473718,0.27539531965463665,0.5935968532068432,0.25120885086607836,-0.739562293444988,0.4119736509077581,-0.6269070055511791,0.1548491704256941,0.3129584898211531,-0.2594075090067384,-0.6033343108681986,-0.4142664221574975,-0.42578765107173977,-0.5979412645378654,-0.001869397167835903,0.8335057121842666,-0.7788602577863797,2.6604126094078704,1.556835144585925,0.6330688998913276,-1.6636206227696533,-1.4725961156071283,-1.927556348242807,-0.36917222434378966,0.22159348360827263,0.2253984473237112,1.7486131364479682,-0.6826515544986032,-0.5138198407809756,-0.059573709036301464,0.9814343127851549,-0.02604193136692871,0.7491386307920918,0.004746469032901097,0.13251580553171158,0.3803433724915687,-0.500013674231149,0.2930996527437544,-0.7649914620575093,1.4981524250042801,1.2372074797169024,0.25324865757386844,-0.7787981367058238,2.249407155649157,0.6825774499131957,1.299035013961177,0.13917857717500415,1.0770943699370934,-0.4275838476322755,-0.6478518264776976,2.185253518336447,0.8072395262373994,1.2792240286348389,0.2356144179836011,-1.0129717502151405,0.6736559041433658,0.04375944696525959,2.042103611050812,1.5501128478799961,-0.7861722426107197,1.4756039744674312,0.7909713535833718,-0.5010582281619734,0.783198085348943,-1.2377639249501216,0.6003739437718063,0.5646140260451783,-0.6191464167112806,-0.38523212437489396,-0.3691917705634005,-1.289537914005564,1.6325851769574395,0.824165950645898,-1.603002919199656,0.361223197910074,0.08729089961810912,-0.7618089456770938,-0.43642087639149446,1.2750643685464045,-0.1865751218837351,-0.4367969829900831,1.0164854452550278,-0.18738971297155332,0.10598979911732678,-1.0236068623966506,0.31488556952091606,0.687097255678801,-0.474570138434761,1.190982945771594,0.4369997751553896,1.2220756077990118,0.5030593029287722,0.5521072518671556,-0.35320512604184945,0.04035816195498826,0.43121311918403693,0.2091819767155904,-0.6970899284899631,-0.47008733204855263,0.32679879823501057,-0.6107713301927322,0.5648676279372594,-0.3367360995599649,0.8550444851671796,0.10174443120405231,1.3411064204656633,-1.599295979787169,-0.662299436357712,0.7750246669256493,-0.18235546303607578,0.08838355803975617,0.2096239190809021,-1.5690913774858362,1.0733921592834865,-0.7081769553335394,0.2770192071579696,-0.20620691266082444,0.6893783500007163,-0.9169134216808238,-0.6210514469080786,-0.4797040572728021,0.6465185183748742,0.2633442389282912,-1.1189384875845942,0.4366765629540361,-1.4686615334707072,-0.3937972696420217,-1.086607769677374,0.5225480812647036,-0.2801468092144234,-0.021032813725831958,-1.2002508323872545,-0.9848130153081718,-0.010809031864790767,0.0493465756195037,-1.5566445352732465,0.37710523524999673,-1.071597981614821,-0.7143829729535995,0.6970384199667204,0.4213534818048175,0.6599595203784356,-1.078033893203502,0.8122248331143644,1.373467747703565,1.4433716035146615,-0.01107448682281087,0.9492183395124691,-0.7904768675980808,-0.7805920823645667,-0.9945043255992532,-1.5750023172941754,-0.4679908875599719,1.08790984583432,-0.7569378039113656,-0.21812390564698994,-0.6105062535658139,-1.7114656661391126,0.492195600263333,2.4841368600797846,-0.1406666092298492,1.5557989240354062,0.03894933185359899,1.189087396480666,0.40236624594444265,-1.0338513454915061,-0.031405805565858126,1.2845453141545897,-0.6501738021050912,0.042498995339443645,-1.2518156899669295,1.4491725441817986,1.5177213449501739,-0.18919776781845285,-0.7286059666821861,-0.27572158052720813,0.9129586710771983,-1.073511618704697,-0.9073604847501012,1.67042376917472,1.1029270989167976,-0.5542223471369834,-0.16223467621805768,1.778393781537062,0.5318079170782619,0.872184823957892,0.48106215706621847,-0.5423406703454349,1.4876906222729473,0.08281470691542539,-0.37119460352085265,0.4866222123001032,-0.08510385639018407,0.556647169291447,-0.532744767296467,0.5386708596045361,-0.993922263537252,-0.12899443313874764,-0.9137812225283785,-1.1755843763543907,1.4162417058407344,0.28873989831815,-1.6720737540899915,0.9938621995196103,0.5801142117040599,-0.5266542459544648,0.347811142837574,-0.7228184426543506,0.6713925272743553,1.9497179062056638,0.5556575941341738,0.6777988302223938,-0.7314839813451165,0.0902673770083967,0.37767791475707446,0.2884450700136881,-1.4789915362700656,-0.1505176661835185,-0.22201524638947218,-1.57905296479688,0.22914989255553989,-0.7959948863190873,-0.6814888102924229,-0.5840527095104802,0.21881221797247577,-0.11820728037096374,0.11214656341770445,-0.17042805862053073,-0.10982529089815064,-0.6596024637299349,1.2250802500499702,0.8755187239858623,-0.1885739126337416,0.3493473316523943,1.8767646886589109,0.24152520994217738,0.6311921877460532,-0.49900871408917197,0.30644358752769796,0.8414112569420408,1.569296202812171,0.09933832312677243,0.2277550542483476,1.0349237566164697,-0.13237745932215106,-1.0970626817352507,0.5820705971965162,-0.5844638535617119,0.7387565422991859,0.09152610639305042,1.521466902746555,0.8609143358562052,-0.07157105257924615,-0.5135244492667077,-0.7263996145391652,1.426454753041535,0.032519900891045686,0.30396857829081203,0.4796347622030191,0.5651111508485751,0.651284301317915,-0.3922377531164468,0.4416247019821052,1.1198491462033697,0.4749035895240446,0.25773202949310986,-0.09184133411705792,1.7065983577184813,-1.0832706715814684,-0.38711674845039984,-0.2575786127335122,-0.22479391095427617,-1.6567288576537276,-0.032277475309918556,1.117705303690413,1.4056322795100815,0.011125241273969027,0.8737344636362514,-0.8011658374253201,0.7542795991707707,0.7605842141223766,0.1974388304402672,0.8463987342424212,1.0683231823725954,-1.5476456029012173,0.9303020985727593,1.1301425229338389,-0.05664737811038669,0.09086826456079036,0.30555794229363303,-0.22689167378689432,-0.41563060687975034,0.49436022676754904,-0.7012784347271567,0.20403238320494568,0.1352253654655286,-1.0237322787043353,0.04469943925730122,-0.7800699415058009,-0.51594613014623,-1.463325433106417,2.31335029562465,-0.9972313772286502,-2.002370648955753,-1.532178463926997,0.6283465855912237,-1.6088313774273264,0.5589084865624507,-0.37632253258556003,-0.0013239104260340875,-1.5697145353534718,1.7705089700036738,0.22219629022800624,0.31212123156269433,-0.3009141639236613,1.9858273278168015,2.286590879345516,-0.060251999830367026,-1.5480548498029088,0.5010856492967569,-0.4892587929514513,-0.028259153339132263,1.2206332292472988,1.3260126098138583,-0.836995276139212,-1.1616508392554423,0.9438683428140847,-1.4367911478939632,-0.9252968331695465,0.32529514165481666,1.548960844304825,0.36301597568276434,-0.18957398791260013,-0.20230521057190587,-0.8449450704307103,0.5636549761694936,0.9373137173131734,0.39735738125902326,-1.1437777828009763,-1.0545152369686488,-0.6985372773278276,1.5426834444774993,0.7591593508834549,1.0674016417945997,-1.0701418244739898,0.47522565152205,-1.2480735416346043,-0.8506517386555902,-0.22631211332542622,0.23088563715954852,0.6968737190341977,-0.7054078817519008,1.0246008376116762,0.7248976629193299,0.10059534523286874,-1.169752487473951,0.05832852437049562,0.5767044151931189,-0.5386719718571091,-1.94235739736246,-0.9533174670322291,1.5918657615039642,-1.455239658401388,-0.6341182248763382,-0.2746920359931404,-2.0166751611932257,-1.1479517170368632,0.45392391658856523,1.2498091989703064,1.0038054239331091,-1.4218060129269174,1.0242286542536676,-0.8569999231608221,-1.9631741987914506,-0.23862834880232955,-1.5294546881812225,-0.020156340912923166,-0.48842538949465564,-0.00504572997347265,-0.041712389625595016,-0.25466526198912576,1.1240319979780717,0.43443150690528026,0.38772582498405267,1.0593916290801357,-0.03161564947599707,-0.3227794710079302,0.7560224503784604,1.4107068822981348,-1.8440092063549196,-0.7532584672426752,-0.531508755490981,-1.1972731951101208,-0.6758376359345348,-1.3918090730256725,-0.6617477642756069,-0.8720974440061041,1.3951497212295891,0.3945217064755459,-1.4794314206543564,-0.9814485065511492,-0.1628039382242567,0.33187203519915504,-1.8177712984197432,0.033276190473892596,0.32909923757432674,0.09499783068521352,-0.39109070909285293,0.2716412135310716,0.05749842673102664,1.0451553501368969,1.872968787298304,0.7269799245514268,-0.2735962025413705,-0.047248668912805984,-0.5830640674647435,0.6956867079339225,-2.700141093756872,-0.7574315244482286,0.05418654965099266,-1.0295907398749715,0.12617800255586062,-2.7875857659140273,1.7115065963592164,2.5107654929136447,-3.0840274057968218,0.8136478931026325,1.1461638619199257,-0.0788139054205853,0.3190326018369089,0.587858605342952,-1.0793054811096878,-0.24461719735047247,-1.4241640088615852,0.8499498838720428,0.8910412149748113,1.1247547574314274,0.8348471901329758,0.35941619262139446,0.8051907862588248,2.001339676498652,-0.8388875305083426,-0.9685272754678698,0.6487052210692259,0.1051255052904294,-1.1258861606079393,-0.26624789009824035,0.018675031293305912,0.5575539432661724,1.2111324900406826,1.1026488839389348,-0.32173653899528615,0.37389448056566205,-2.7004328814120715,0.6257421414074297,0.8848037802302295,0.46352768755179213,0.42362284090905145,0.30342958904228284,0.8265097840999435,0.008607716195006162,0.8660121019175375,1.0650218675658083,-0.18814883788697642,-0.8989635680751065,0.43357793697298486,-1.2684785106510716,-0.714500261084606,0.8987683803877855,-1.411204384369202,-0.24750393066069418,0.8527561889986345,0.41777737822393207,0.4786260051663069,0.16012878745722284,0.7584240264212018,-0.7110061634475855,-0.7762420822265708,-0.2931689666688465,-0.9735807905913956,-1.0525554902951542,0.48259225612748763,2.5925908833955154
0.17447397185212427,0.6927762419943367,-0.5486589424166451,-1.8188237807840857,-0.5278415466776291,-0.061769970948481905,-1.060751048908615,0.6218746133423155,-0.40185497324225333,-0.41242229806147723,-0.6007258787268244,-1.5388516551584952,0.3023377944848209,-2.849792973117969,0.3064898116209987,1.412976098181605,-0.001089200613477845,0.35417863057068366,0.5743221570302464,0.4918415733921769,-0.007484042242426164,0.7040999249090003,0.4726391022663144,-0.11847751063345272,-0.44102561259916895,-1.4065186855238454,-0.13545078015317935,0.7631988258500364,-0.8277730103095601,0.5859559354362073,0.25189361815568123,-0.5345937428123929,-0.44577292564948146,0.6643859575019593,0.19467351445504447,1.8888631121464678,-1.5610959358666237,0.6858761678723222,-1.156354267695624,1.2886483638274289,0.016412074250663454,0.9498436812934683,-0.5944385547651962,1.8543535770897996,2.64581677508603,-0.23458093475656808,1.0603917899476945,-0.5487126245677403,-1.9280979074162203,1.018719475805976,0.13178492111577667,-0.23493366849104366,-0.8974946305330559,0.23931855885604503,1.1685990134715816,-0.7589175510528463,0.6903144105967565,-0.32854586993700574,0.11235113759850757,0.3999899991772183,0.5661006574328662,-0.662188937652584,0.5456051840522996,0.3112495701615031,-0.518800724994941,1.0671551808699102,0.23942649326647245,0.7683811747681843,-1.832102838214311,2.412615564880685,-0.2071733327673772,-0.4970420661470421,-0.933569231837961,-0.2547826907737338,0.5949913752631508,0.8813646925257874,0.6474938018920183,-0.12564721477617716,1.140844879012836,0.5915644903788024,0.027124781699687257,-1.22556426730371,0.19509719367164002,1.467883658828318,1.048562824900724,2.4413134363864124,0.8470511568455669,1.0276862602975971,0.31499125585219473,1.1680323975456526,-0.6795788435284267,0.16417240375349793,-1.5029990745226347,-1.5939088051817643,-0.1496221803426676,1.3024200719313461,1.1154240887462064,-0.5933712193198181,-0.6843524551063864,-1.8829070468592837,-0.31715050684863455,0.06952872433723507,-0.372272868723102,-0.43760832396009125,-0.7413775188321702,-0.5886252903336167,-1.1221432893437704,0.922795348809188,1.3412191837102707,-0.734499791780654,1.4417788178366677,-0.2810919403736115,1.068517310801245,0.281667278095269,0.6372000089406719,-1.658242612336445,-0.2069964440168884,0.27228008956458466,0.8781105950185484,1.6491216619789268,1.0440149290908616,1.167444893067323,1.3587509307755459,1.6483842710253862,-0.7916540407408367,-0.6716604118099827,-0.5819250362482951,-0.44204188998917654,1.641744230663566,-0.537728507957381,1.1841908858001906,-0.2516066354581497,-0.8724210865013271,0.03781185937734047,0.7441808241540717,1.1057324773914063,-0.4170788162621095,-0.9127622256233315,1.3518076601633797,-0.7692517910968817,0.7677415719403998,-1.9654896875621104,0.9008017211243351,-0.8309786977540021,-0.916175259683891,-0.7163456728210312,0.7383349016373101,1.132540418584306,0.43135121192749304,1.064471917479064,0.22899274334637226,-1.1483617320257855,-0.6900354624776706,0.7388977040050656,0.6756822458047479,0.44882788736402185,0.014817959533761088,-0.34466214142893,-0.9594719669992016,0.5705749222755155,-0.6046248642643594,0.8207036456394988,0.6627256465199703,0.6758818647416336,0.91262653630465,-0.42552275932104155,-0.7548913614503637,-0.15587676165298475,-1.0820077333307814,0.03667769816380071,0.22444579583847815,-1.4301553999087684,-0.9611519639491009,0.1923364042762768,-1.2921283046871053,1.232223430053344,1.3411705354283847,-1.5807678450008749,-0.07923024631718605,-0.7121261525356594,-0.6112126986507287,0.1138198659145335,0.08038325336889336,-2.06576883600081,0.8734195122399626,-1.1376799660929877,1.1548080760829145,0.6315904945970829,-0.36493949495255096,-0.5305770274427398,0.3719564001997414,-0.06418276071954523,0.9083103923057062,0.030695013776218867,-1.7780956423831065,0.3910809390217872,-0.5985504320668983,1.1282325756120424,0.9004741170160833,0.3589971555734796,-0.15229400025904063,-2.4015242611480643,0.7672652555093288,0.6462891373306432,-0.8335904352067594,-0.36593990129184445,-1.1524814036114754,1.534662995350271,-1.48994936494685,0.27530404966648925,0.938674652785363,1.1285315666282911,-1.0450643683397436,-0.1550475076257356,0.9243360095434793,-1.2905251169424976,0.5443286216006488,-0.2611795905444303,-0.5812974630324816,0.9671245260604487,0.43787343644014204,-0.6085684483393484,-0.62045416685769,-0.5995611592366562,0.17810828644797497,0.13375645938334485,-0.871145045579652,-0.31168888323882243,-0.15791610713298174,1.2374663522926386,-0.08112042980297392,-1.524025535129383,-0.5652167560195367,-0.14993876572336895,-0.607539643724693,0.045870119546517374,-0.291810951852127,-0.8231827538655361,-1.1296532502616414,-1.3607138646963783,0.5832965337027695,-0.5474848564368424,-0.1755115179668788,0.7175469792360885,1.7302407020086275,0.17857523012050136,0.4836537249475226,-0.2900673917564755,2.367451236088327,0.9075627659396454,1.0785793388746971,-0.8163556360286754,-0.8310785128909076,-2.709588861282337,-0.6280478081441375,0.9435945508345102,0.43848249125940625,1.6337769001819822,0.6771244379448534,1.721931231972357,-0.9869359866817348,-1.5024234882156993,0.3266133599248023,-0.6092648515613958,-0.008662122758069062,1.1025097873243055,1.1027389781312165,-1.5303574008149436,0.3485490808542771,0.39943513901175287,-0.8864463730066043,-1.2912524081355472,-0.5110506837762668,-1.161217954446877,-1.1304855345435147,-1.0879048504089939,0.7671120474527977,1.1915904246261395,0.7451121427349039,0.8379073167938358,-0.1807897488632949,-1.7922130425730303,1.2721908306249108,-0.7783456554743455,0.03112551452249366,-0.3808489902734849,1.021823514639404,2.0060565927903635,-0.8570481302434213,0.2934111338640751,-0.07483430676772379,-1.4511080201686308,1.775812208547901,0.15405908618191574,0.13000326359877562,0.09544633617807692,0.44279538201517343,1.5481566267526425,-0.37822085084495105,1.1297558694798282,-0.009884095002347909,-0.037666979558505634,0.5941224392401847,-0.17227951874762337,-0.3886294194568157,0.5719888991395398,0.623891571551486,-0.5435048544650672,0.18319585026911772,-0.6620785395299478,0.4227747466898699,1.9267378179268466,0.24157382567796049,-0.413957087380171,-0.5392077011852193,0.14146993991307102,-0.0968680164471015,1.1395610333180959,-1.5457568339632948,1.5186699376179922,-0.8100858395533418,0.38273576949765065,-0.5761802449246984,1.6958911720953007,-0.5172597470269751,-0.8207099200262944,0.9787246519717014,0.6306051491369289,-0.31303624518461515,-0.9747490046876691,0.2708689015060503,-0.5672922549164655,0.9164879095799676,-1.1618747236845397,0.6032085840740576,1.9556377001869985,1.635880776202193,-1.6193586454366957,-0.7212333026031308,0.5355702531288316,2.08278447783016,0.22426693480634904,0.28862154078277824,1.0523896580621082,-2.2306488233756365,0.37117580193711625,0.14808368303368885,-0.9826762068658639,0.72817529812383,-0.8233471355203156,-1.5629978663594402,-0.5094160925222788,0.4909181132690144,1.1142582479023126,-1.2046785877595128,-0.8821503599053372,0.039060304691251595,-0.568389648463185,1.087105909089054,1.0436875839632924,0.4438342915866575,1.736229307015022,0.7317303483197115,-0.5333713407423213,-1.964757316344521,1.466930412513358,0.14649513374023684,-0.03340035148967201,-0.34301606949572183,0.5058064110444719,-0.27229008265398513,-0.13730047222527525,-1.4925639108313657,-0.3645703341653245,-1.4666125892355113,-2.1449324188166354,0.965438594328442,0.7603498892370278,1.920306197779796,0.10597477751188787,0.044093865345466936,0.8496052476629405,-0.16297316456313785,-0.7558093302467529,-0.1351231860654261,-1.0392137962239512,0.11538143600498006,-0.6457157672322761,-0.018863934628111173,0.16799040035731247,-0.18397319376485044,-0.8439724531502527,0.1092398139367943,0.6720867957332279,0.1425166404219466,2.253246094325954,-0.7560452404963202,-0.43184297957232315,0.0141026952408213,-0.221053970051269,0.26150043397461936,1.1783300957286988,0.49744634401618476,1.0859044068949186,-1.4451360660388708,-0.1579601734316051,2.180429737076696,1.2509809267956797,-0.9461782500754171,-1.448376630684963,0.4764231385004463,0.17910391930195851,-0.9489754784027368,0.6205108703084198,-0.2098811634250777,-0.09136999347640173,-0.7907813951401041,0.25904029757967845,-0.5560150668646828,0.5045128431138367,0.8509731375165434,2.078784331835711,0.3592341014358054,0.002255867077398875,0.0365374954907428,-0.6265499729805553,1.2898676561238522,-1.2407364001363028,-1.1541653769581868,-1.0065699202650262,-1.3055891666378396,-0.38839941647920123,-0.19431842630325008,-0.05783032704597855,-1.6797026444207133,-0.5556447817514174,0.16556702893904604,-1.548287450889348,1.5208035555233999,-0.035064610569846714,-0.3898517960384208,-0.42105924869206945,0.5107760197609534,0.670208814854826,-0.20328382574940776,0.10271223902818699,-0.041862444439800355,1.4191200840891378,-0.4265473437005488,0.7040032785336978,-0.3735876166418012,0.7749217258916612,0.42334042783178677,1.117045704154108,0.8091782479991314,1.486936865888422,0.5160438409379288,-0.5428486235742798,-0.5254758047684985,0.40621859777288777,1.4171399909725308,0.17747062644312764,0.9711739549191197,-1.355654914232167,-0.19030116831014146,0.5818944369858228,1.5748016179172106,-1.3962537811585154,-1.3893884535289125,-1.8348022093261487,0.7507489824046107,0.08838452774170076,-0.961106798592343,0.18161715254126723,-0.5418413456304385,-0.331776981943762,-0.9370001478200132,-0.05284971261380872,1.7974920232128222,-0.004931154376776007,0.6467231806302974,0.5546595320572423,-1.2241257350314698,-0.1769785216288603,-0.32599043086297813,-0.8717626794385489,0.35667451076628726,-0.1957735254691552,0.747738912797372,-0.9338970732276848,0.28582131983259035,0.47628714919354603,-0.02473610006956459,0.9097036732287803,1.0826306181204528,-0.8696743408095381,-0.5708585680125529,0.3910195506457752,-0.9250765717019863,-0.6626132922437992,-0.6748279366057967,-0.6139284960599138,-0.26155077718328995,-1.1811433374466158,-1.0851909773699222,0.9960234236826094,0.6887735986344609,1.1907261982568844,0.8772247155092218,1.9851561714068104,0.6551076296940467,0.46140645702200545,-0.7338749300602914,-0.62976630229738,-1.3123998079107606,-0.13492307978778134,-0.45859058322576024,-1.1419248982447114,0.49657262027579735,0.0033161125496430095,0.7872767816566708,-0.7408706561021832,0.5167601031818206,-0.07214675816146932,-0.3214989328073998,-0.07035059437104246,-1.4479468590659583,0.8838531708177525,-1.7137125854425799,-1.4116902338974464,-0.1381516380285223,0.6693868264378073,0.22797276686415524,-0.21187083671265558,0.8971428588187014,1.296312601199003,1.4500433732432831,-1.0601551869473473,-1.936084589344082,-0.47066245943969565,0.44665373551874415,-0.3410173912409996,-1.2290872321564454,-0.5121534793878515,0.36246723091794303,0.3014452916530527,0.2932235451027004,-0.1529195119937837,-0.07735771960878304,-0.5318563406549047,0.7518433812136006,1.0004444408351398,0.6177663065493537,-1.1377511167933874,1.85099891465101,-0.642939617671923,1.2253758549180422,1.1914660521725746,-0.39664168949068135,-1.2140878908033945,0.9675295055804004,0.38979606456927945,-0.10221345260648491,0.5201156279172833,1.3439890692354057,-0.804133630251121,-1.5521514646050238,1.427270211932974,1.4516350427974833,0.8577772465156441,1.046610412505609,0.3535419303429191,0.1041466884307178,-0.39900465027484133,1.7989202995861244,1.078050694161446,-1.5083242472900364,1.3383378927018064,1.0367752440862659,1.5696798622011356,-0.6937796781233594,0.03809861681407084,0.9879811573374552,1.1585726415165287,0.3706888045640405,-0.03605460416180956,-0.8004296108790256,-0.13783932946166325,-0.40758796580546724,-0.6408702438299512,-2.624607113024494,1.9231366594481067,1.4414212959076573,-0.14067953350533943,0.0011393752894425222,-0.10944641460097466,-0.7348631165130485,-0.38326084684841394,-1.505819733673748,1.744778869875836,-0.7146391462436312,-1.0541490032521754,0.8584910486516102,1.2736115639632906,-1.573296640411327,0.613330106231347,-0.6800328927352522,-0.2656703120792287,1.4241038610668078,-0.2996211081201358,-0.5596119993456317,0.7312237943425899,-0.2576982293208818,0.0056970485165683616,1.453799044265607,0.2175185348783414,-0.7896822765256084,0.421177094692257,0.4729011589613694,0.3309226614812415,-0.5258859176265878,0.5223986377703678,0.12101469745145461,0.45977451054529156,0.9163539196854549,0.7361739774010772,0.345263460947342,0.8378462742074791,-0.37979451608374887,-0.2942851703010206,1.0992483582243202,-1.3614354374021451,-1.1156397816930732,0.532352224072508,0.4689194762717797,-0.006104985616865338,0.17658161487529567,-0.7749007108661814,0.057326743692769355,-0.1360884246535475,-2.6457279650493084,0.20953040508753298,-1.7186294737288506,0.6906018233912069,-3.230877823304322,-0.9626687264389582,-0.06763854835462324,0.554067796369527,0.029899091774481946,-0.9485927460652703,0.5173493475150608,1.4176423545725139,-1.2202108936660412,0.0407396057708065,-2.588646146732124,-0.5395472413191766,0.04900191438931382,1.322101008836745,0.21533106935332547,-1.0482126114106654,-0.17637134896871207,1.8242567319930083,2.267359294443376,0.8592755314647891,1.2522513375275561,0.8521725928605898,-0.6335134733247585,-0.20083280297804132,-0.9320104867486233,-1.7529417782997125,1.9436152545147372,0.45494021752433944,-0.10759381694397326,0.453029365300732,-1.4760713052980563,0.13741047740638382,1.3570160337140036,-0.7424671168883309,1.781725724257879,-0.7156682336825829,-0.5417260363446823,-0.2224997992639621,-1.457799890454021,-0.03523539930035407,1.1856447848589635,-0.037338397852509746,0.1889369526749109,-0.5998130011699302,-1.3152453741964376,1.8973474351789343,0.11489984328886804,-0.6620269703478736,0.48760592154688354,-0.6871324600282549,-0.1887671988546855,-0.9435224594518492,0.18329232015857364,1.034578726196924,-0.4109426301667483,0.5093229768831634,0.23134980350916245,0.31142630597132,0.6266099923181631,0.5251825883264396,0.1278311216657851,1.451856258316667,0.4941829926953475,0.03927418553461974,0.5472534716087011,-0.031650211412660535,0.7551271681125129,-0.44983843488483205,0.15369935110187244,-0.47913312287180165,0.9420124834287312,0.3008596193547443,-1.0961219497872365,0.571670354897591,0.7683648422723971,-0.057959490552433574,0.7624414855206311,1.6827022526367057,0.862488857503889,1.2922818602001913,-0.17835494301818697,1.4125761710374807,2.0286670614810527,1.110040058859869,0.823314250843805,-1.8026250508993977,-0.13513505406222365,1.1862621398337945,-0.9219622696668401,-0.7262936900454232,-0.48701769205602613,2.213760572384232,-2.0695255507947605,1.1135721040540585,-1.2581441064150705,-0.9997456884306822,-0.4365336454407598,1.3759385317678345,-1.3677252749374702,-1.001463085018125,-1.1866799904804695,0.5773436480848666,0.30027030665466453,-0.735909922515212,0.2736096573946431,-0.7899140054283822,0.09437772931721912,2.4115588154540237,1.9632538773754964,0.10911634073355386,-0.5487385620631055,0.08913357204018357,0.05282024725837381,0.9150122372867378,0.6220915896482426,0.1701412226228262,0.34463187355157593,0.5552430707987915,-1.604321937338096,-0.7139141745217888,-1.3230246189310082,0.9085234909569209,-0.6551608852724969,1.6659437402089965,1.5989170999574644,0.41566890785257865,-0.5874980017660364,-2.0048020450906128,1.333121105398788,0.47641754377939627,0.44251605027933416,0.04241509323232996,-0.2895463605176803,2.0050039205226007,-0.6195558271449321,0.3095139449975911,1.599101524286954,0.7505752366746153,-1.3528579487644738,0.620828563891021,1.6350686584758245,-0.5079188520720991,-0.010574456981720149,-0.56545555243352,0.46449473409940745,-0.3733329661156945,0.20890711135148698,0.1021775789973863,0.5883697007477137,1.2722461573246175,1.959929677229375,-0.5851604223452284,1.3813501217251951,-0.5691793627794298,0.20217858643177397,0.3354552411538715,-0.4092744840495101,-1.5827421468208467,1.9595391253899745,-0.38819021029312206,0.33488093096433313,-0.7218200220303205,0.6666507638510607,-0.8065036788567136,-1.4315484669065144,-0.48637811885426274,0.28858968610947894,0.9245260310906122,0.45947345081352053,-0.07557449347216871,0.7054264332019465,-0.6719639101878008,0.2900204347990937,-2.205441097176466,-0.06882010743708494,1.6740742874782384,-0.9503107330679565,-1.6522042223935107,0.22657300650672524,0.07738707984284383,-0.21779987775578197,0.6208298427847663,-0.028261960104413838,0.6014440906675333,1.0473021066748291,1.1037277479893908,0.2123726782397985,-1.7019624380349827,1.4221005133274336,2.4433167737118566,0.9548894271363433,-0.4837479328080979,-1.2717203089509077,1.2573510274845696,-0.28427882777782604,0.2126192325787948,0.3649890938476022,-0.96834232432658,0.7939261495292641,0.37116039642462284,-2.5540198683647266,-0.7537833011026445,-0.07999502950115056,0.09467153013379291,0.11973828621702942,-0.0819428957748895,0.5459368431134254,-0.9869058831865539,0.594208882568731,1.474077729200799,0.9874255143546996,0.2254774467100858,0.06477112545173154,-1.4831179502050007,1.26757940090395,0.7563647461759427,1.0295139565491425,-1.228157652461448,-1.0250162799626386,-0.9023858462456578,0.6172570599271724,0.844495993210864,-0.6459267999536819,-0.020107745021045318,0.4129562047084525,-1.1095567454943576,0.32791334798814414,0.7759654043439431,-0.22496917374087563,0.38622914321255997,0.7937481031566607,0.3570766698684638,-0.09325804756956867,-0.9943687387386783,0.37703926759622186,-1.5641835163298734,-1.021197531723281,0.008493675440999618,-1.26838009391225,-1.6539937389150803,-0.03282766730063229,0.8261121015494508,0.19897089771199297,-0.36285994519130227,0.2071852855787784,-1.7054302874908525,-1.1345563761873427,0.2949584216243341,-0.5288579435119072,-0.30038765105431275,-0.4485628520463506,-1.355784793895544,-0.32662037106169933,-0.7808356130492535,1.6626518079854788,0.6824794636895274,0.9967862397656225,0.3408047208904095,0.09692818465752788,0.581174411575366,-1.161401925522962,1.7194619950467458,-1.98839110915818,-1.463487831453637,-1.050460884164123,-0.4860528688536358,-0.12573731539316912,-0.12297153347640688,0.9252491949418461,-3.6787568292177673,1.554102024084483,-0.17930648977467858,-0.36690791996336447,-1.5446658845259043,-0.5682114758267844,1.7549037882416596,0.21920046071995264,0.18696433707644797,0.5932450533818079,0.3303591573254464,0.5209009015474093,-0.21360535730222907,-0.17982821527541984,0.6373615858946549,1.905428180756066,0.5141222007310701,0.4159013919919165,-0.3995926022587017,-0.44226537441854885,1.076592186473586,-2.206098190393517,-0.8435148056757018,-0.18985936878586462,-0.5628867364824471,-0.04361857888694553,-0.7493746145591584,-0.03342703319994302,1.317857587968263,-2.2584881121186253,0.3816039541868694,-0.916562099973564,-0.037629767631370305,0.770052289795995,-0.0027674730643275323,-1.3258287192884397,-1.2738626870188314,-1.4635509658666639,-0.4653910770829397,0.21716543562369833,0.37955500208862164,0.7319161245064854,-0.18308540499235243,-0.9438542173734076,-0.41856622952024136,-0.2107688322262927,-0.038030968360966366,0.8525961753450643,-0.08221151104896068,-0.7758871912732611,-1.3624132046074116,-0.9340128299684963,-0.12871532786091577,0.8804455918747588,-0.8055421249394685,0.7510217954757155,-0.7822176741807748,-2.758287014325979,0.15736730181918582,-0.34742103487957454,-1.032806264008998,-1.0219959526501532,0.5451534090465978,0.6712817705817837,-0.5631319382076801,0.3635178136591462,-0.3541817108504164,0.5391626838645048,-1.1051223145468716,0.0447993240012642,-1.3095426116058366,-0.27533611931384194,0.010628864267870675,-2.027440050480167,0.4678744689247611,0.16594953070274737,1.6753794072238348,-0.14853661213824695,1.51125266487009,-0.31178560716508785,-0.4996332343184789,-0.2651141699258268,0.6346300751220286,1.2405480578225878,-1.4542601524242167,0.5702858452173027,2.5062745671446276
0.4725045200834599,2.1047435684888107,0.15342191786046186,-1.1712029884728363,-1.1231026988229706,0.47684811388770715,-0.9739131408091423,1.2776894149541036,-1.5202331018190758,-0.27091482800526395,0.10498261371475959,-1.1969388988382381,0.3925119232880229,-0.4533122881837401,-0.15738537937538694,-0.024849266906708488,0.5581579455350989,-1.8254444332331088,2.286533779704118,0.3224939949777119,0.45687126632869085,0.6880353933593726,-1.344995550733795,-1.4178373625946135,0.7630807202543267,-1.6856835095640297,2.044387924985762,0.4884672739007961,-1.2456575716793818,1.2904318829905537,-0.9761166873307121,0.8742928457706226,0.46609496776130643,0.24645168464661,-0.2929259809230104,0.8125432327360292,-2.195072056625262,-0.7486322117388557,-1.098001786558843,-0.03021988450001942,-1.120280104925005,-0.6784813045566002,0.7388646928901678,0.2015958240415111,0.9450682874941247,1.2620427443712974,-0.4873830643427526,-0.04312495348652464,0.12078763404297785,-0.6096400622746811,-1.4906876179815007,-0.7606280475824457,0.81079031924551,-0.714602645577651,0.15361892640469935,-1.2471503764028375,1.4870379004492122,-0.834915890355331,0.6907862496491215,1.2356641468794747,1.678463021239303,-0.18273417193270564,-0.9665299519457269,-0.3466424816898016,-0.18830837495439812,0.8769831694862408,0.4704572767741615,0.7092167775773316,-0.58104550468487,1.270656031265247,-0.1423836804003432,-1.3216879338619463,0.6850366948138801,0.4225101861005448,0.18365574094451728,-0.6025454632807967,0.06836701152339504,-1.973873618339633,1.8395549311804318,0.9371429761319742,0.25073163463217313,-1.9965056716943914,0.311738166825296,1.5638618222545897,0.2698539394129977,0.2227146384879225,1.5261057238101952,-0.3044317531788977,2.6355877973771062,0.7992377582339898,0.6666484720237597,-0.09434519593828077,0.24186286784634053,-0.1374513782708262,0.3022245398462408,-0.08507305388287965,-0.044326983935644326,-0.8064413856271883,0.37541605673435374,-1.4634596662471502,-0.19009707837534895,-0.29410073335127296,-1.2202469874188757,-1.0222446239886336,0.5354005171552175,0.441814495016535,-1.0539131887075972,0.46430119094108924,0.7220684255797488,0.9634913205902658,-1.9893214422890844,0.5546475269895246,-0.07778198205263444,1.4174605909709017,0.24885759170464944,-1.2936603897374388,-1.5446318728918798,-0.2273093495045257,0.5239542745560809,0.9733906993706671,1.130543388660478,0.21670105171318632,1.392766653628682,0.4709914927085077,-1.36962761197624,-2.590193479206182,-1.3914869115021056,0.9961426471185721,1.873468907083485,0.6500569219483944,-0.1407482042218169,0.5363376436696891,-0.3085373258068441,0.12306394253263726,0.36485699357223,1.876684618583956,-0.506715840783352,-1.5663066657051186,1.6037975681578913,-0.09922231017084891,0.2385700248858558,0.23381264905788585,-0.30567632952417295,-1.5331029471136857,-0.7149226820453314,-0.950465754613036,0.5129334996345954,0.5618149333674722,0.2591106552168308,0.2154086265123926,-0.37589603551281925,0.9049790193256702,-0.22927382461349957,1.3598916747739234,0.8926009043876825,-0.66266494173888,-1.148404459255415,0.6289587040501955,0.5837350542908606,0.14712893835750598,0.3232632444423882,-0.4170574699282746,0.7142688106863812,-1.0455119014547412,-0.7870898054890478,1.5442911734600226,-1.0382210050453806,-0.9237708287394621,-1.583528558868526,0.4075667923785592,1.0996286724022704,0.3627113699526108,-0.45038641741342156,0.34958655247790266,-2.2336995989116417,0.30152364269344045,1.2923595382915083,-0.014239354791492055,-1.4923184284585689,-0.8937930419723519,-1.0122615439845202,-0.6572744621814657,2.165807503788245,-0.21420064657740354,1.6769204406003158,0.36787034770254023,1.3274640285893775,1.7057366737090962,-0.12306363702271102,-1.1251912929039054,1.0920598256130802,0.45173632541621755,0.8267235739314038,-0.5287733454560528,-0.5709237084933977,0.9579105742024472,0.8814903865400519,0.23467829432096196,-0.020227157398171363,-0.4977795233060234,-0.3742837153539902,-1.0406165779376737,1.7581785901376845,-0.3842265636050759,-0.1664130654014595,-1.824535196285112,0.6809155188718158,-0.3069660999272816,-0.1437575562374092,-0.519331061831888,0.4102249129260489,1.7513334997907137,0.9055027663850359,-0.20390290750814008,0.5444632331069927,0.11326888454329717,1.3490027421622923,-0.6519086637469164,1.027864229122215,-1.4738686169024346,0.18783183305043047,0.14427664588466407,-1.2079606361799484,-0.3156507210307992,-0.7138145527972664,-0.5238581362466407,-1.6611054216366719,0.733365670826415,-0.7981998181192818,1.3824335300057895,0.41671051681890253,-0.41015432600583995,1.4552260102424726,1.3548692464919432,-0.7127814771304741,0.9831900855701722,-2.4013992349170215,0.45824884825012346,-0.8004584943952231,-1.7407317960713775,-0.9826999709657519,-0.7894057949940964,-1.457660597623717,0.32962470321165543,-0.6671975547497979,0.29715799563550527,-0.2611226490601655,-0.28422633033875466,0.6833011440934452,0.8952018430580669,0.5396776398770575,-0.22812277730471628,0.8950765163797186,-2.3353059368763267,-0.9231520257524918,1.1722403591027706,0.976455254576158,1.2229240924902778,-0.21147047483916784,-0.7006121997949281,0.001181243453151527,-1.5603396235178164,-0.11354033316208721,-2.217474105690254,1.5649305992379448,-0.16383868191593934,-0.8153931469022649,-1.5416476290230972,-1.2374410814202517,1.543801312841647,-2.2935577648810104,0.23191819836694824,0.3567833140307465,-1.8306726287654966,1.7233591533674455,0.9382328548258815,0.19396498170314605,1.9408236910190784,0.26264546652703,2.501530521893559,-0.642886479182648,-0.5600285854780491,-0.08225913396193386,-1.4552500044735759,1.3722157833995399,-0.9851352831466931,1.454447811165394,0.4366905527156069,0.05888749897623277,-0.5834199320710863,-0.24550729857157763,-0.4262741995000946,0.9623567586601897,-0.06837655615805346,0.6574017098955038,0.438333550167165,-0.30093023933291685,0.9762207154250033,-0.47130336929486133,0.316016286424474,-0.7197943823492036,-0.17652973682488374,1.43782794925402,-0.13267744551667252,0.7419235561828443,1.065177390363974,0.19052114172041731,0.5666460351402864,-0.8388014654195902,-0.08436600915950955,-1.428139813240285,0.839510988292964,0.7873526049397326,-0.9222180205731867,0.7829791901720279,0.33788579897032733,-0.5452825607589644,0.014554686071181438,-0.8242182675364821,0.0018192671130905446,-1.058195742233426,1.4846834529691058,-1.507210131024584,0.4923196720146488,0.7121774247315773,0.7256277855008265,0.5837159084422668,-0.42530211370911547,0.1350379084054317,-0.776616296315759,0.6491955836733986,1.1316965483389156,-0.5038031971960534,-1.1875336655986384,-0.14056761902398474,1.5099554259180634,2.8222871869007973,-2.261789672949843,-0.8281302528118926,0.6120509269437893,1.809727763842699,-1.1914327203784252,0.3875857975917972,0.8092917987601346,-0.420797651163932,-1.1483293123067777,-0.4210305155858291,2.0855080849475223,0.8222199197328921,-0.7454325543268215,-0.3727001040022684,0.06100478428832046,0.44721394374772705,0.6415731608489413,-0.1597588529133373,-0.968979450625388,-0.14614904459666372,-0.24490945804247977,1.961066426729299,0.0037439981226048283,-0.16801664096391436,1.1670176426009125,-0.9823614037542254,0.3878270272040778,-1.2107664528012694,0.40603293491979237,-0.871918098884888,1.0338039835074997,-2.0399903151859147,-1.002906570039327,-0.15361472006835153,0.7026523354802718,-0.8620945745313618,-0.29201913103148563,-0.14136734626292674,-0.8497340089086002,0.34849124154967226,0.6461957733031429,1.3322550077917104,0.06521375040110185,1.8653623900063587,-0.3367324314930322,-0.8407874867718703,-0.09045609012288036,1.3565586753250833,-0.5406365932093372,0.23058220306965752,-0.2631705676786322,-1.6993418071485564,0.19326625398744018,-0.18235710464045102,-0.02324466489100223,-0.7876411005924677,-0.9980772190025043,-1.0129777475487192,1.616683852173055,-0.450654819181375,0.4649842334372464,-1.3730974454692915,-1.0728609067717776,-0.43867871823171856,0.5851057254195605,-0.012599869306092163,0.33633542943380207,0.9773229284516414,-0.33587899232717294,1.5221250236831354,0.5662079046503945,-0.34334837811134095,-0.3173124592510475,2.031071030192944,1.9717195111416455,0.3183988865599916,0.3826893437154794,-0.468832031690172,-0.8133683364620717,-0.7768903028278203,-0.2455819893367055,0.9623557790286501,-0.10143969988095945,-0.6788741458111779,0.40996793963096256,1.670912297097657,1.3889848864055432,-0.7995776526144048,0.35979097474663585,0.3643011274934587,-0.34546425286657534,-0.2819746339657115,-0.08625406236723597,-2.207400869112141,0.21063579409063207,0.728766452623503,-0.6273179676692124,0.12250784082395111,0.7887918303313093,-0.6888438861777803,-0.12625196385908397,0.44186916135028675,-1.7128961165652525,-1.1960196935135592,-0.7048309045649118,0.3821242721615097,1.2473710711495385,0.2540628586974884,1.0251077953710424,-0.5875919773947751,0.1987083677806896,1.2242496322918768,0.6531307475459124,-0.6810770778513606,-1.0610567364862116,-0.41948071953296084,0.4253964008686651,1.1503700485820425,0.8918061022289853,-0.7624763038714542,-0.7908360012738392,-1.4420529347922013,-0.3253552212560418,-0.4274633341005391,1.3135385906436188,0.5239826176717819,-0.6710471110421005,-0.7866269471912285,0.9964248237827494,1.2721246594612288,0.17228414759154415,-1.5890064219364282,-0.8526712565866096,-0.16643970847922018,0.13027392286448536,-0.6816769714018116,0.19398556019285898,0.042540381295747526,-0.8698659414212331,-0.8511115039761976,-0.5142871513144154,0.49734539450887055,-0.9878709657691465,0.3526771352249081,-0.5228245491378396,-0.08248162701851822,1.0286486869523328,-0.775379326213162,-0.632852680445352,-0.043729761244784345,-0.41203712537963616,0.18998704422058368,-1.28896957867503,0.40070683660802203,0.6588539011122198,1.0064274431320515,-1.2426953428797318,1.1835243833701041,-0.24716036846070655,-0.6664288055779813,0.870519808312944,-0.7008972961252333,-0.33388769659871814,-0.13862492362932985,-0.06482013597287585,-0.4708050230708266,-1.911712032662421,-0.3434105985934871,1.561448792994753,-0.8163342086279375,1.0210703461781192,1.0747103163778802,0.9300173842688113,1.200025397818999,-0.47920684311454936,-0.8549647087118621,-0.33434575740389333,-1.3709963922271196,0.2791972647012825,-1.928769728641566,-2.004126601184781,0.271247211592094,-0.10060277089995844,-0.03870957772882849,-0.8501387381212779,0.05189114126311916,-0.12033663966866352,-1.017870292165732,2.371657464734959,-0.53003059625361,-0.7672840861949131,0.7236095197001458,0.9151024995993431,-1.3342867895441355,0.337455981725578,1.190340985797616,-0.7261810418834229,1.741241991028617,-0.5053933607413258,1.020846922506541,-0.2868310318501426,-3.1284489306924312,0.06278422362300828,-0.031041080624425725,0.3649282540986831,-0.298652492299139,1.2124733385921815,0.6879868193723896,-0.6747916214166917,-1.4983844552082082,-0.19530765409671932,0.24423869722751965,0.12563530505294027,-1.3114831052434386,0.6064497158596671,-0.016295328152620043,-0.6368454075380182,0.6238571609635126,0.39241064029739914,-0.6484903046059532,1.124106306517188,0.435400773280292,-1.437917276821084,0.2853121717677056,0.4138930205172805,-1.4907088094942087,0.09402177674449774,1.8433660621180452,0.03493684825125862,-1.5820452230175952,1.2636314055813724,0.675784242718182,0.036428857883363155,1.599064034893516,1.2384339266228481,0.9110476662253512,0.4499091582007657,0.7626264840702209,2.0000965812127016,-1.4343169146715475,0.29799286195643204,0.764345948587745,1.0494210600446985,-0.048795486213762465,-0.1739521498271189,0.020743157134491385,0.8548606023559742,1.3926250812474037,-0.1118931816838149,-0.09483143656068206,0.15111505093579083,-0.7242158115583358,1.3676396167081175,1.3460345736866242,1.6067010938902162,-0.8741017627386567,1.2608867614386967,-0.39081658281419446,-0.3756933682750735,1.0047788643287547,-0.8554218987233134,-0.9249399308741415,0.9432715850354015,-0.9124101676792508,-1.2215659959315566,0.02888310245953197,1.4832146490788756,-1.4015138145488726,0.4420409465939928,0.8276006396675897,-1.5706026617778637,1.9862169783133665,0.1624950141502523,0.09124683846908446,1.1093602769918314,-0.10112298567168865,-1.5047853405442642,0.49767551230348545,-0.2564944981716607,1.2077448188684081,0.582617819072128,-0.02551608546662341,1.3421904843569392,-0.033243672397487524,-0.0852977946236647,0.4154932148275056,-0.6617813104995381,1.3893415305361652,0.718018948134948,0.08310975374558227,0.6542883650956178,-0.6842179192189878,-0.3801400209393168,0.06282351542108083,-0.7535999959343329,0.6907540335803483,-1.523658845519581,2.1943013662141686,-0.45244973218761914,0.019262017017085742,-1.305017714128272,-1.1651586815470767,-1.1220508483099356,-0.9408337185653113,-1.1966475678737751,-1.5708539490770204,-0.22443662678469953,-1.8078267677004394,-0.11407170869532873,1.3961664864916945,-1.37304523294387,-2.4339331549666117,0.4167551661023521,-0.4863254421280646,0.6270202367396038,-1.0367856034224132,0.728993163725901,-0.24158185318321246,0.7800246752730551,1.021714178161153,0.10158750797921126,1.60865094761398,-1.3590719823096828,0.29060216154621604,-0.36973151615933103,1.605908624478455,0.5667888371986948,-1.0668043056388452,0.3127097176033413,0.5886492186074134,-0.10434266455096633,-1.6527503769472602,-1.397475458412509,2.4073235354453613,-1.0347427142987864,0.023048412102793958,0.5388150786121,-0.5926091405046066,1.0308580069189592,-0.41477691690932633,0.05410116038210596,-0.016905241332800983,0.07717144194410411,1.6440043623408842,-0.38437121294146886,-1.5527381612321052,0.14485917828945272,1.4058593707158267,0.3720292818507186,1.2244738773559436,0.9500405803833227,0.32336895547289995,0.5109731621985548,-0.4503614023936768,0.2496387484795317,-0.6159731271793225,0.08166364103343468,-0.4127303664460972,-2.167741097882961,0.6736459478872379,-0.5961024781190059,-0.28386645816484374,1.2656550104301356,-0.30171546335213073,0.11035771881484413,1.4849194827666645,-0.3791164468943875,1.2814016710801157,1.2204589047560346,0.9602314502561627,-1.0666985833088753,1.2461869745571108,1.1043974347140044,0.9051030382774536,0.09486569889570158,-0.07288780175564497,-1.905117419460598,-0.2841782923865817,0.4420726175500318,-1.1220929409964155,-1.1275621768658746,0.3058592542812407,-1.8939999363986224,0.40568701005543817,-0.8040492362027772,-0.06853458041789032,-0.22036214871275014,-0.584160057868172,0.44847140300945726,0.42982810566647245,-0.5090279382302234,-0.3364618824424566,-0.31260049040187504,1.3766882992541742,-0.5046453864161904,-0.10464914065559894,0.009656063603097644,-0.03244770403895493,0.5456198070996302,-0.9470013394906776,0.7231836922847044,0.18607765226674222,0.14154996330433778,-0.7995077156088868,1.5607813999273674,-1.3893777106773262,-0.4593182246088882,-0.021897159279053138,1.3260013208920214,-0.8838721490169958,-0.7544616867091467,2.215345006242509,0.8892439720136519,0.3813994952811656,2.196970393359688,0.6327494472249598,-0.3116094226285109,-1.6104574681876052,-0.7435652850549458,-0.7537155800181635,1.7988330501617367,0.035698261867396164,0.6552827546985248,-1.0813724686866388,-0.8656816467652838,0.15991114692026623,0.2390549028847715,-0.764231371564292,0.6444478025437713,0.43123673195878975,2.1658774755535766,1.190996487405268,0.37987394059156665,-2.204623661593043,-0.04655946985668261,0.672906254411249,-0.7651396971699662,-0.9455143251511898,-0.12362738748134267,-0.09874781070229789,1.1219619892671195,-1.0255642519413604,0.13625524160126243,0.7569415500069937,0.1636337482370997,-1.177651955560722,0.12217035554065006,-0.7917849356525315,-0.29004417278559425,0.7778523377556412,0.4319068187681737,-0.13073109167930685,-2.090460845476436,-0.5706671977734556,-0.6976312429706744,-0.22901120556294371,1.252886680014466,1.4548504683816164,-0.6933366449320709,1.2439713705069788,-0.07358602001576395,-1.4356688509831077,1.584839859173422,-0.5456985556122725,-2.0873415395472534,1.3617994067118155,-2.098920731119263,-0.281181689112867,-2.093585882427144,1.125265400095585,0.5564578455494316,-0.5465011745528774,0.28878558996661824,0.38693333616215025,0.25512324556818855,0.6267982075590841,-1.2351484751071433,1.2530164233144505,-2.2087440409857573,0.6737426533221808,-2.197574607732115,0.31661190238468767,0.670201117599002,-0.7437476518240427,-0.10315378397256059,-1.1830397845851555,-1.315744064405739,0.4162794662659,0.2058263998586409,-1.209421439947994,-2.13389091256878,-0.466986651656477,-0.051729960685933704,0.3194030370268842,-0.9816370697438366,-0.0720157373078899,1.3881506951829146,0.03836399966702448,-0.5710699550862994,0.08060050605561514,-0.046285516253293295,0.3031792001715877,0.9095462462616678,0.3199707619256082,0.6719441451101917,-0.765817824925518,0.4818853179548288,-1.109513687663072,-0.7712582934809864,0.7754773666280886,-0.0037151298845030786,1.1313599197341038,1.3183283637271324,1.84861830896782,0.2587334003112506,-0.8564893929615396,0.7125217751846561,1.6373764523462353,-0.23797813288816172,-0.9445959800903793,-0.2738022023525331,0.4439499400360969,1.6132436356717827,-0.03740284084101219,0.3606212120376537,-1.2360559819851835,-1.1816628659751582,-0.2012818546831247,0.8269087544294622,1.1444868196124274,0.015205980641629134,0.1670036451207566,-0.08268547767736469,-0.7563751079043488,0.16767213332550163,-1.4926263249615261,-0.9004059500227887,0.7767002854210453,0.1590894900772983,-0.45490613075278236,-0.10275249991855649,0.39613190194997794,-2.051543202735489,-1.8153865075654836,0.023678871815665744,-0.8756519352231401,-1.751198758448147,-0.08294078933888768,-0.32578116084588193,-0.8748853034584114,-0.2956824877866188,0.16152711296590588,-2.0741403822738613,-3.0214557445813783,1.7601926599234696,0.5547941547762004,-1.0138469668622043,-0.1070603001456508,0.11637523521005622,-1.0592171340832675,-0.27309173250562035,2.133488388179964,1.6372645534425998,-0.8318805365074826,0.49947373680507473,-1.2654975096987637,-0.4220984063584167,1.6505127992749271,1.5358510187059233,-1.1928352045995563,-0.07983110791813992,-0.7638897984430217,0.40794436038549914,-0.9959841121404797,-0.007621683144557792,-0.8997573480331477,-2.5349404920055556,0.03211733859949901,-0.6485452503247993,-0.9470508709718869,-0.6952867266808332,-1.1682457850239591,0.433048158489471,-1.2044811437470313,-0.09651447831495875,1.0830367476751133,1.1072132476844347,-0.7127842447219269,0.36748912377632187,1.2627856181477153,0.27701249639239445,2.05155785528443,0.41262686615578303,0.9967376808084444,-0.11498193567954985,0.16739693485048077,-0.3178208566924148,-2.0479437499237623,-0.4080251832805355,0.17894750845327909,0.36458909638138054,0.13020233863642486,-2.3306004669263487,0.8564014898582228,1.4026900111374807,-1.0874051226883226,1.036999166568432,-0.6496660907780653,-0.1960083613795582,-0.035411847952689125,-1.1366841972994948,-0.46366353475069505,0.4210851930770417,-1.7211579893976994,-0.8247711773946956,0.5960122995912084,2.7119032137206154,1.9357574511213116,-0.7158522360182835,0.31339318755797785,-0.0035570869263944816,-0.7961469175147585,0.18572198640641482,-0.022313114957834498,-0.20809705263017178,-1.1969988957251847,-0.9362441856720891,-0.36459606677858686,-0.8811805498778363,-0.10715169854302938,-0.7852704248738875,-0.4327450403971172,0.6018409075046027,-2.7049455720174835,0.3325852590023271,-0.3883890756251787,-0.9613702518246177,-1.4924519256236215,0.17318777510859262,1.7987769308766874,0.5490420230394506,-0.45802859039400007,-0.7141980810273304,0.36096180251187315,0.02323242967145344,-2.4068496370607706,-1.5226247163421793,-1.1245604751622724,-0.25023542590148534,-2.070946052719283,0.09786114702247156,-0.07929820400809456,-0.6402229417562378,-0.5238038398532002,0.4927205640393471,-1.555034296133996,-0.5566534706774445,0.01643780408283751,1.222965999606302,0.24281128424900805,1.1796395940396331,0.5324814920756121,0.5733236991331748
-0.3855983165788254,0.8898308772456409,0.22455076258362508,-1.3944683007708558,-0.5786140680880707,0.0613796071824715,0.014294990631703723,0.19661742370976668,-1.2295092380735015,0.7543659442428635,-0.5788641210946266,-0.8679434576111525,-0.46498873805593705,-2.361046075245349,1.6083837630929079,0.3396771268013328,0.1415944818577891,0.05684631898987131,1.88448191109435,1.3697541945913887,0.07202724722209021,-0.16509583373440237,-0.21034025641252257,-1.150273447172186,0.11392342659954131,-2.1139345103507363,0.4723051988017973,-0.31751362542686873,-0.37781905700830193,1.3761811867964016,0.08709770169336777,-0.6033120628847476,0.15140019314157305,0.1117997922072399,0.684340947051263,2.268377525048379,-1.595719150377236,-0.31537087432430466,-2.010505495210579,0.8507539587851582,0.64001028269041,-0.8760798509647141,0.06267623420265309,1.974931053517621,2.1396150942111536,0.8502702553768068,1.1061231021042366,-2.0168621453953484,-1.5467223995503379,0.391284500144743,-0.9873026006553475,0.1526920091489176,0.006553665758121454,0.6455151406017395,1.3400497025127955,-1.3486005250808746,-0.12188739704299316,1.1618648509804073,-0.27364986058506113,0.40961134747659295,0.748133016635141,-0.1889904153554473,1.1766804059905085,-0.6987332098820425,0.16786895993248183,1.4379631551826628,0.6885795902066475,0.4109174671918517,-0.5242263588075683,1.1025163984530617,-0.37597044188043366,0.0015118953697718692,-0.79352250022903,0.14849289946626953,-0.6426454375841927,-0.49211777230432585,0.5918442729147254,-0.1460659670708931,1.0856809811325763,0.1432550028647817,-0.009493472123112382,-2.0756636856653574,-0.5201408016527531,1.5417542946512548,0.9013203331781799,1.1499894895808895,1.4257036190943644,0.7624197453734425,0.4335667513750409,0.6597062849558702,1.0011469824432064,-0.44056507463776934,-1.4051454274406885,-1.8898543174002507,-0.32754010593693295,1.3404015128716102,0.6012726313466672,0.1107577997079799,-0.8546403725145046,-1.5765201484677005,-0.9550539001515596,-0.18759320021374257,-0.9770288909303363,-0.673513846018933,-0.5657904505206726,-0.23556245929951442,-0.796509669130032,0.5394336095378323,0.8143585907973415,0.17166467027097715,0.5850767123635051,-0.6457832040476766,0.40782741680373263,1.0420125682073254,-0.27563856000005693,-1.054233980583125,-0.45790158733657604,-0.09951094861541235,0.6048133813930069,0.658055244985063,1.0104026361901037,0.7628948554691078,0.5612074888685127,0.6558761021644084,-1.019102454070136,-0.8344735331384016,-0.7938862302029461,0.021892061236042475,0.9281427083892935,-0.5167694160505624,-0.344613228004901,-0.6404967247652207,-0.3619809847838906,0.44466971093574376,0.9862221172069805,0.9871629894464423,-0.40485322478986735,-0.5024664735404563,2.4663365206743015,-1.7730660297834577,1.775824497087087,-1.2497486257867254,1.1988937273236708,-0.33967952963270437,-1.717191458565615,0.7321463463530714,1.0922140199987198,0.7891392110164749,-0.1044873302536929,0.7911259781332686,-0.39658432707416486,-0.08026056805903777,-0.22166133123423118,0.36179222297808433,0.06530327111039975,0.07063074561550366,-0.6424831195570293,-0.48520293211579457,-0.4991397094841476,-0.04653923537817951,-0.9710263320180148,0.3974808805270955,0.6446878062118725,0.36122006465328027,0.578152545219027,1.0579649847696708,-0.6378109154350782,-0.9315720540210316,-0.0941057652287119,0.8469108400012776,0.8694939783560439,-0.862149978525897,-1.6882510844860918,0.49139356560342773,-1.3356481298298022,1.373019029466139,1.9174043739296314,-2.544647026753218,-0.4508302597492982,-0.0037380309116079344,0.11080475029974193,-0.995782548738924,0.6988634749398921,-1.388796363267876,0.3921606064141095,-1.6664566780723833,0.9569396792237891,0.9662801846623521,0.013620397972295252,0.21913370373985425,0.4645105504328275,0.39260377446661915,0.2551545596343555,0.4520675767535022,-1.1468207591033888,0.04641043333852498,-0.30772801405246347,1.299383942264766,0.6363284186743439,0.15063301147859762,0.8802372521889078,-2.0990739091926445,-0.1445092236105054,0.5321285289572456,-1.8286737818890464,-1.0757008353852242,-0.9810085233121001,0.6133086632516499,-0.5340962340688455,-0.6273122487405768,1.1801533689498132,1.478522073813955,-1.1614469764856965,-1.0410830756400702,0.015174394522445466,-0.25840864252649975,1.7060419816755377,1.0076392011995636,-0.5674540959089551,-0.7478564910177697,0.38251448852021963,-0.9067896857485334,-1.0614353789060529,-1.0968194264335476,-0.9885725843011834,0.5141187014088949,-1.6621234038590897,0.06386998156816659,0.02841334257087907,1.0712799212907664,0.9730890047784153,-0.37057662546252695,-0.3929539572384002,0.018145764619609893,0.3544082918039084,-0.4728463982509222,-1.530288926736411,0.2166110423239538,-1.5915666850806198,-0.7300969695402328,0.017406184328745966,-0.11292789208357558,0.10856584143258594,0.513944042075751,2.458588926414026,-0.21352262475000036,-0.1940342109127033,-0.6258167294843355,1.352004835082527,0.4795353073057865,0.9801509414596312,-0.17313747363640675,-0.4547323240616797,-2.1902884808764496,-1.9534378775115642,1.505236248502195,0.44529211746997943,-0.03277425210100895,0.7419767419448965,0.4477858972135874,-0.23887321955953064,-1.780927637749316,-0.710759382039617,-0.9741358477061904,0.25540605092844254,0.08217030322623821,1.6089107014329518,-1.8771117567636064,0.7548898046162384,-0.4669697839765875,-0.5316796474434218,-1.1896092349348515,0.35617033045057134,-1.0900826700479396,-0.1977526461036936,-0.5722749333230902,-0.5075120589715202,0.6715611900010475,0.26446455754033893,1.6540790458628527,-0.019923325114894714,-1.2705958106195354,0.9062207101619694,-0.9491264401322118,0.1916518274036096,-0.49543735385530213,1.5129991679416157,1.8645584174051901,-0.2608189749592883,0.8681708417625191,-1.6208603349392228,-1.0476252170877531,1.4131427092533835,-0.043053146888884314,-0.4325722198772292,0.28375225908245494,0.39673528920596124,2.142451243606925,-0.4922942743202825,0.35430249869331254,0.02109063028114618,0.20803748984088885,0.9034470499712023,-0.38333029165271804,-0.03982428978336072,-0.29489013659199925,0.0471073469209693,0.049717672170405985,0.24883311926741983,-1.115736740879775,0.7504008563607507,2.278127329337557,0.6648520684327869,-0.7720138354534561,-0.9158564049697422,-0.2018795066781531,-0.2772744079455424,1.5698963570429534,-1.1607557780065532,1.0115092129888974,-0.816870443276181,0.5118202703964081,-0.3723876948971307,0.5470078183214201,0.7486559482455837,0.902633531954576,1.2965371110453334,-0.20466071708154274,-0.2313367917236093,-0.56071890768321,0.40790166902128716,-0.4056657797516459,-0.01804662625949234,-1.2480307545862779,-0.006663653188185103,1.8913317353663515,1.5439681241002414,-1.3920823063932706,0.10028772040504212,0.3601031451201865,1.6656783652815135,-0.26434275881785185,0.06892828677167231,0.44618194882337503,-0.53427627968118,0.5114975744089262,-0.10492547851709852,-0.6774275900187577,1.7468958181479588,-1.1375968704750548,-1.7182670219861558,-0.18501928727057299,0.4084580699354175,1.0038779197756185,-0.3346041185822293,0.3056596337878008,-0.45141118138515796,-0.5707751837277288,2.9786067609796008,1.3102377399485903,0.3944558716453959,0.8823766364614635,0.6194565643494959,-0.7627977404878508,-2.3626616612433886,0.02131754170008027,-0.477129118008106,1.037073783693241,-0.0681829683336631,-0.8289407228948616,0.2283667210486518,0.8658478749623885,-1.8094025125964943,-0.0517430835891047,-0.7394144590993358,0.09297418499577893,1.4876493842624172,-0.24564609126489192,1.7954667316970248,0.47650932036399996,0.6340408487379664,0.9291968239592997,-0.1881388403469745,-1.0409747213960545,1.0272221700019317,-0.3220568104112906,0.21485235548612452,-0.4985111706205655,-0.6771638904093303,0.37260825846840645,-0.5624486145003961,-0.9663117699898045,-0.2440277190440345,0.5615258228213905,1.1166316527988656,2.321736349454913,-0.39004686065173677,-1.2603704979753154,-0.8747103591003996,-0.5942694586190557,0.47787133990928876,1.5076265177964174,0.2456693772637541,1.2261825304822513,-1.2070595675116211,0.29171409395913506,2.707190910983657,1.9259149519229766,-1.022389734785234,-0.1305679778046935,1.543455285710595,1.4680557815207562,-1.2919127135667579,-0.5543815446541684,0.17943666864448848,-1.1506042666306078,0.10414712177575808,-1.6135027892541116,-0.7588720454801764,-0.047609509907279766,0.5813797659977581,0.8322224189003409,0.039954082918641394,0.8589778936723399,-0.4383465789475857,-0.6153104714724138,1.2562250165926705,-0.46959649506897144,-0.8430046558587279,-0.5253324134471309,-2.02567729055171,-0.020439566795243502,-0.0014219318309123977,0.16781875679878971,-1.365435755382008,-0.3129450355426347,-0.46126716254771766,-1.0365287242864298,3.0211944333272136,0.37872689546924043,-0.7226843200667818,1.3156851531695244,0.573526835526872,0.5531262085797723,0.2099626436176362,1.0630876417100323,0.09378783841566105,0.43829359317617655,0.24985860824580716,0.6909643535665446,-0.7425726745506107,-0.48493245759532194,0.0025144856877908433,1.085568006170381,1.5756006888190837,1.7682155206954349,0.23864994130172712,-1.514729327388564,-1.1299308005502802,-0.2765961816702567,1.163500924744626,0.2216432641894248,0.9205423200877498,-1.4078386960563931,-0.5427622625850879,0.4390670009416715,1.0797188937786695,-1.2285432280900992,-0.8818854645827516,-1.984543842225311,0.6550234209175407,0.706320181956657,-0.7385085625387249,-0.5676198231405375,0.2666751916128153,0.6027692459566626,-1.212230322779787,-0.19597346518395026,1.1642885564648793,-1.081483210893489,0.8943925820195915,0.13997490495081188,-1.028210635512716,0.007741825833309364,-0.5985589746096437,-0.14523476449757547,-0.08977820806767413,-0.3564148394834771,0.7068109810906935,-0.011788866382045328,-0.14227806127218443,0.47805126850513396,0.6168446491424007,0.8910001479636981,0.8367166261499296,-0.08814208029580982,-0.1268223988537891,0.6301356038543923,0.3998567710226725,-0.09998071252067692,-0.8252620692274967,-1.0149699443716553,-0.8922937163946316,-0.9228165227105376,-0.5648631629836341,-0.34267010392528435,-1.5395242574754944,1.0114935149227928,0.43404082021652307,2.7737600002698257,0.8572209105851376,0.5246620560478262,-0.8110564487998227,-1.2054541241893737,-2.226828463431456,-0.14469640523468547,-2.0800204420127923,-1.0702497066248426,-0.20717565915399347,0.19910226687083904,1.1252887922861248,-1.1269619909180266,1.095820248314722,0.3406232725709035,0.07592399924766492,0.652659507241792,-0.46213509764413757,0.1293179054705609,-1.048169835172128,0.15615802791855576,-0.07180145694744469,2.0347438357534453,1.2019538120268327,0.8322999979231147,0.9108277699323662,0.5138662635939074,1.614743807297581,-0.22854070769823562,-1.308855990612926,-1.055296784219828,0.46565002923676896,-0.32964640534753736,-0.7251378436671709,0.5810895882370252,-0.3640932739907096,-0.04529366334183491,0.20965136956169875,-0.32765409869811757,-0.546729522796431,-0.05982483436147303,0.06455857441635128,1.1428982553819291,0.6867391177264947,-0.4616376712385806,2.159197732144552,-0.6594235944736709,-0.36629722814843285,1.420593444208051,-0.16882758071399426,-0.598701984044891,0.9224942677006486,0.32058962813674036,-0.09606588371235558,0.4994835505642379,1.8850463327337308,-0.540638634566357,-2.3864359348205757,1.834567057320008,1.5073629566470548,1.390603267688142,1.2409084711183893,0.3499980579370001,0.6288596315257697,0.3054643863243144,1.171250677669998,1.3361066862103634,-1.4463803408089928,2.566583991063589,0.6139379714807287,2.1883140148165063,-0.595353761455588,-0.07581531644871489,0.3888433979169308,1.3026843468416036,-0.9003888138691476,0.3722414636087585,-0.815682403185685,-0.7323025901651871,0.06744047292581505,-0.6840291703390639,-1.6642943961565448,1.9209260526883498,0.6930780404856602,0.317729107098325,-1.0114602563143245,-0.252333853148817,-0.33729991655711694,0.4659519948743584,-0.40091622737635985,2.1095692427131802,0.04234265268125849,-1.6184697691954153,1.9104320363101084,1.7683384644923987,-0.48194730091911775,0.3445385339143929,0.1468581148938487,0.344235785081747,2.062694934672642,0.04976610070197534,-0.7378306922940041,0.8519515753737569,-0.0017880661906658417,0.3868728560210333,1.0660486304530188,1.218825210394597,-0.7962075799883946,0.41872400925827075,0.22471225917633658,0.2728591316597488,0.4127449453271832,1.7876084470722489,0.22885031295203334,0.1470691070979667,1.436710568802873,1.257039461411873,0.41476472547763643,1.5982685473659577,-0.2256354803677766,-0.4613643140689433,0.9842028693828254,-1.764132141363548,-0.8883154575096838,0.3954381137261931,0.710121560591274,0.09295254131401766,0.4118468933185542,-0.5994168435005522,-0.4797622678447985,-1.1491278184990945,-2.3054635978203404,1.2335760872729014,-1.4229389426080408,-0.4461013330751181,-3.239694352103955,-1.251504341227011,0.1336521612109872,0.03648318557545111,-0.09493319300947009,-0.8245578770040178,-0.08591458915750011,0.18118388623345597,-0.12570417646920698,0.5171917464614517,-1.8480027577535534,-1.0187102072567824,0.10050240006146834,1.5489002104245,0.724771107619353,-0.667896787650136,0.29360409740829385,0.8589214800199146,2.7435019167409,0.7677225573135382,1.7434327463101331,-0.18182623715947605,-0.673213648339405,-0.8632077867165412,-0.42072028676209305,-2.046751218640018,2.670847342071283,0.4294277585358671,-0.6012908824095937,0.3932869461976124,-0.8782944889852571,-0.21909409686003745,1.4429007249543622,-0.6790913885820539,1.4462224548206692,-0.6442616477362592,0.6419719433343041,-1.0320391034494016,-1.6366602706456175,-0.5168542867258283,1.5146023233397774,-0.8687537081229074,-0.3689160700415119,-0.5192469185298811,-1.0467454186543093,3.0014633011817584,-0.8967187965012521,0.6587759303740204,0.6546974484707462,-0.11998564915853431,0.594700004631395,-1.4577228607793453,-0.13337565380030172,-0.012229038296297432,-0.9865528853211958,0.3335993420307008,0.18356639902011498,0.4675649208442044,-0.1539367450039851,0.13663190147026547,0.6383692627969021,1.313728392165084,0.3234151158833938,0.3426364914783397,0.8502493303808515,0.06706538358293943,0.015083662615341224,0.36804022965377275,1.062428426393804,-1.0632526588206375,0.9196687717237317,-0.3076358140334683,-1.170429581892758,0.3522872121750054,0.5347737114103064,-1.3018075294178926,1.26434174757211,0.298875187099938,0.68818655534693,1.2915681679714688,-0.7358674645705773,1.302577998721659,0.4517006822860465,0.428209144191714,-0.32095743905700563,-0.7121743217218998,0.1856492900172856,0.6197763413977654,-1.007274039191405,-1.0936812296680911,0.37720796021819547,2.2349930840821064,-0.7573584356884288,0.6844889304764527,-1.45192765142359,-1.1420034036437188,0.29472148412357585,-0.026257251925560648,-1.6498376815336362,-0.285649684773041,-1.7759388492657213,0.37246688572472103,0.3070940776705978,0.3999628975576083,0.9161011240701252,-0.5481751063795047,0.25664689831387083,2.3857942741881577,1.2800742669727532,1.0678230303187453,-0.7785060347858157,0.46246458984775196,-0.7847104599344283,1.2134308764235382,0.27721532069815624,0.21769704437998214,0.772544219608404,0.7760039361522829,-0.008888661717312151,-1.2146449261910874,-1.3798882090456297,0.26805774123120674,-0.05609477500405161,2.0450487949731064,1.5612680484509778,-0.16343231016193208,-1.4301366667570652,-0.9898265388453986,1.7451481712006707,0.4550958448368613,-0.14494755882461077,-0.017064805227332284,-0.2636202123836863,1.571602781807391,-0.4122853993419228,0.2017446738031626,0.9972601986493907,0.9457847561092123,-1.3159002121912406,1.2653754415834841,1.6395943270345845,-1.8792503252023915,-0.26809321224345256,-0.8036679543576147,-0.20270761053931816,-0.9910343217031652,-0.7175038705706537,0.11409586652297518,1.4657294048310556,0.5599761124298411,1.211324939243376,-0.42316078593013956,1.6504955107711299,-0.954075048515605,-0.3748745743709896,0.6703098862725252,0.4463694340895892,-1.6475949386107929,1.7172903840343396,-1.206276777959405,-0.47421536469483727,-0.8908793671294589,0.06779887506975187,0.407377493440029,-0.6879810489210669,0.023835335472719234,0.07283829937596027,0.1882443000455767,0.696168573836651,0.5372986930338818,1.2733180134581772,-0.5383296075221982,1.3324512679358769,-0.9476047335190722,-0.21802475267125473,0.6244273836741925,-1.2946421488396174,-0.3727868228542523,0.49193438378953525,-0.19132943157686289,-0.3120834310081477,0.016425678932683735,-0.6725356173698565,-0.45309988646211086,0.757636330382199,1.2692664639209545,0.6211305857456826,-1.5350733474484186,0.6986140198453953,1.4902058240291127,0.3327386481060293,0.21760419262657332,-2.3323737871653303,0.8119252880829112,0.5657490376046378,0.7428491851640603,1.1718014015582825,0.06308240427618696,1.3193966788621139,-0.43210828216907315,-1.3834719128177546,-0.24825086177480982,0.5383971142452371,-1.2779334641280835,0.40028159340501707,0.25768940207455443,0.954757270625186,-1.1155351251758547,0.2295031120262154,0.11272875574619114,0.44842113345971935,0.23375041993036277,-0.09752919005603242,-1.7416325095204919,1.4718216352334155,0.5111188099637942,0.10244172967655717,-1.098127622560259,-0.3292402827584517,-0.49004808071626355,0.9068388978858734,0.24197796459604534,-0.31792069994044736,0.5965493396874421,0.6906954635351801,-0.5207257581340147,0.2660607710002262,-0.47001473395119114,-0.6459282481011394,0.5554043537021991,0.18359020706567586,0.21147264180772693,0.07582199149074874,-0.3414077841796456,0.26854707489001484,-2.0558279401974455,-0.8825171039485911,-0.795845561771818,-0.5112310919031033,-1.4331847979142631,-1.154256900956565,0.02602754002562542,0.5074573019079436,-1.3370758532986544,-0.2476433919745334,-0.7861645922661119,-1.9317529444498456,0.9637013726707396,-0.7974388394670142,-0.9080670914387161,-0.22968679457988692,-1.5965403014800659,-0.8416568836592614,-1.1334610606721205,1.6941117081552606,0.25007861461537945,0.30440415097307594,0.6838169307880925,-0.16621354137572653,-0.5049294462239183,-1.085282931784716,1.1252746642387557,-1.0654329812794376,-0.9323809931874566,-1.145066524979422,-0.7836265271781733,-0.3201198528691738,1.2915837586162522,0.5917788119613757,-3.299694922298931,1.0301506449886875,-0.08009326429374429,0.017442822186546532,-1.3543916189330414,-0.16910541602642423,0.9378025027705246,-0.1113233822512474,-0.008677961348022982,0.7679113581393889,0.6692009230640338,0.016867368202881275,0.836604404529467,0.5356146560426266,0.6592409326371574,2.62097195017585,1.0509540889490154,0.7349259033489952,-1.4548919084751544,-0.23878730481711885,1.124930253445647,-2.8871919137769466,-0.06595578484819171,-0.32084318478339396,-0.6432390007690386,-0.12936742065929108,-0.9390577961917654,0.8391690015831621,1.530841412061762,-0.2940863469502721,0.3503743812064319,0.08544529908137162,0.7871470972630135,-0.25123195945814325,0.5944114009157228,-1.1569289081012757,0.11370125114691738,-1.00659818025829,-0.14457027160325162,-0.5821988371600144,0.9283254611672077,0.372234625973509,0.07163313784052361,-1.2064924612495649,-1.140615740965003,-0.9201796918946746,-0.5461529617097263,1.0722781217065116,-0.39545391884542946,-0.486738995025467,-2.076461028977752,-0.4805944677361198,-0.07324123197596744,-0.37279779728509027,-1.62369352050491,0.30447893068920545,-0.24391834466804296,-2.6515020632581017,0.8764992903266307,0.09463026813029762,-1.2978212262233852,-0.8010427687162401,0.6447760763379278,1.5896617750365825,-0.17970688522498038,-0.40461169089170745,0.08262227672764562,0.9757115339502754,-0.8012852199019954,-1.0619576835183238,-0.9188336963659228,-1.2404166554541887,0.9266117658075166,-1.1757352970271557,-0.10644431227224899,0.6116427778158572,1.4040134210448216,-1.5919712725885802,1.09896782668339,-0.4024021933996606,0.1356437385360582,-1.1597518260764432,1.2577409550943048,1.1981529389184946,-1.5249154411909935,1.401850065079399,1.0355864953517575
-0.3253379795426097,1.5160155969049658,-0.07496139778674925,-1.8111604725144859,-1.3098004544747943,-1.2554877699887919,-0.7762306329279688,1.1889438767739373,-1.3777643829365847,-0.26908160711223494,-0.09013108088539712,-0.8641018363188537,-0.166822062353364,-2.126542493133999,0.9726826789684747,1.2454848176481856,-0.154081075012987,0.3229417908483541,1.6555191544600778,-0.4054866883795949,0.06017872122878089,0.39921907442654675,0.5430744859396786,-0.42697968139386544,-0.21063269980241073,-2.519625509502874,0.8295826797638153,0.32974348369445194,-0.0349741211302737,0.8711761404887046,-0.8903954576036758,-0.7964543501875828,0.38433650170286965,0.5084524435722395,-0.35175752153716766,1.2167797909584965,-1.7086627248780524,-0.00991747406433629,-1.8578345971796502,-0.2865021719577596,2.0850887188145903,-0.42479043289862267,0.3425762188659856,0.2622537464777919,1.7767181926094473,1.4566547628852209,-0.5651432998907281,-1.1092895242699137,-0.9030390510447891,0.7205518246402726,0.6113802854003416,1.5620891443671754,-0.07156215354886794,0.1331660571884026,0.90966700268723,-0.9395216566801006,-0.5787275688107598,-0.1543567515093855,0.4557944124596035,-0.22515534215746102,0.4364330045586473,-1.0117056546520597,-0.8107549063473776,-1.6997527911935528,0.931994498082843,1.9550604958104494,0.15508096394992013,-0.43020565434763686,-1.0864182302075795,1.9257214426094516,-1.6289053840884093,-0.6071943094163805,-1.0487753644088826,-0.8191673138754486,-1.1452444659532708,-0.3817604358489344,1.91404111100184,0.578671856868049,0.9485339550222553,-1.1246732170107168,-0.0029207898546876,-0.8983857935842032,-0.0775181326363604,0.21291275484239763,1.5281886786836394,1.787629829402081,0.5865598420751452,-0.2439500078535142,0.10983553368563179,1.250725127220684,0.6812541072754822,1.3640593389959295,-1.4555174178039072,-1.9340187454767177,-0.7013050017538025,0.7294849761530471,0.8435309142355463,-0.624254751293328,-0.3708677632290777,-0.6237038463735698,-2.2894389250429916,0.6731713477151656,-0.6685108297299994,-0.48334810024463,-0.6974145393267148,0.07094717947384994,-0.5941879932876486,0.7887533240042641,0.16677171938117735,0.2806935425514123,1.4577628196896486,-0.8738705497042747,-0.3656658233078169,0.44642820326057525,0.29097767551303316,-0.8060402035059175,0.20618379695314037,-1.5032205925908317,1.2797598495759468,0.19914866731706837,0.5455192427865754,-0.6967565867329567,1.1305170683306653,0.43335094434784754,-0.7332718229201517,-0.6398614820163855,-0.8153066234932275,0.1591834164174209,0.7910523960671828,-1.493489818223313,0.4013068081628524,0.6362231053909299,-0.8454153837520038,0.08891618532032608,0.7981927210430994,-0.4160834256696034,0.8305297511443909,-1.157869923289061,2.156702016728623,-1.135515442004424,2.4621300249255307,-0.9306805132890502,1.8243399105199463,-0.8546781508185749,-2.3441647073951475,1.7772156317118755,0.7449786511583393,-0.8614775490881413,0.4507617423086409,1.114287283910107,-0.1072849734017468,-0.8525793253689252,-0.5595396568299102,-0.5725322855750089,0.7963492720532143,0.6420437750395134,-0.4462119238937262,-0.9187330233554984,-0.21144086351388147,-0.18166261699558617,-0.30986600952996013,0.8895471691816735,-1.4586641428623772,1.201520007536847,0.3387390015956527,1.1386779831260132,-0.5910170382598264,-0.20232249650755849,0.045514924294682846,-0.9785861707906904,1.7136742197930253,0.4997946054829268,-1.0015017657127927,-0.3826554468676337,-1.5704925231205478,2.179567090450737,0.2976611301040036,-2.3898015418909635,-0.45407435581051936,0.6985481607713084,1.2288633728242238,-0.8712759329805427,1.403781785574633,-1.1987964389615475,-0.766518307612784,-0.9624566649197552,0.8033027473519192,0.2586584081662403,0.2908001365102698,-0.111651570659963,-0.8254514171349756,0.08312550044751855,0.14202758795767992,0.6091422247248749,-1.6565647494483775,0.9475681548514102,0.7145613650382111,1.0931880118008876,1.1128164267589535,-1.2849185375157615,-0.5063922446102913,-2.6129902105199565,0.18182625183906248,0.441290181154168,-1.097670022762121,-1.0837273502220142,0.2694542566308844,1.0620083209099935,-0.3559213096325027,0.4049028378461795,1.855525783879048,1.381600921091345,-0.8085062538353729,-0.2321073283227947,-0.9895911684533332,-1.720272762370623,1.8775650814897484,0.24539834979302624,-0.5540584130286965,-0.6979129238521733,-0.349282066616524,-0.9246441650360089,0.08894387931386809,-0.3288139224532924,0.6143970751221636,-0.5491810075701689,-2.055039245118041,-0.07066568955138885,-0.7585722086428529,0.1096944352083654,1.0710492571991002,-1.194128702977735,-0.3208342400659533,-1.4812054291421224,-0.48342348352450315,0.39945244363463933,-1.4667619982203393,-0.32588431531031214,-0.8302745307549566,0.32777541525804205,0.8518672637698472,0.7106175600732684,0.061289622205576204,1.123893416163343,2.609911368760233,0.18437154407519785,-0.3032147518094675,-0.41805819221394996,0.5795813096053356,0.3809211940193129,0.980541269671856,0.18313606938319324,-1.1272873477105334,-1.4180196938295249,-1.5820874955602149,0.07178852123535581,-0.09447302317506982,-0.11175806243243402,1.4790281164558443,0.5397255896385769,-0.16184123944405548,-1.897981704759165,-0.5246339765925143,-0.5141859678265622,-0.40021108196319116,0.18701834890918773,1.1277270966514343,-1.536107870963749,-0.02593447325731159,0.3030093604892898,-0.24708832327899594,-2.2124836818451534,0.943785971037863,-1.191747415926879,0.1804735908721961,0.23028422823434366,-1.0593440195372437,0.24428260093306564,0.12788909083365174,2.000713532706881,0.7837405002130328,-1.774650476192385,0.7104430682227563,-1.3048825822623964,1.2298603256068321,-1.27598282779276,2.0844834417307445,2.3212569633250255,-1.0435654157408283,0.24521596776689478,0.24312964475715082,-1.3942934339801587,1.4896528855885856,-1.5942894643255854,-0.797798074015805,-0.5759296906424463,1.0753273015335558,1.844412425370282,-0.433435824977733,-0.1785359177801442,0.7870344334297956,1.0176453989303405,0.6426455675935626,1.0488045257084753,0.5083683002850696,-0.4372969004243389,-0.16272522510202375,-0.42692527855333123,0.972235754868814,-0.8353456278747113,-0.6082281245061399,1.709622713363011,0.9492914740712126,-0.06075091581259331,-1.0183802809360367,-0.5119457674085532,0.11985938556410773,1.2806044292956626,-1.2035643564945697,-0.5381242079491898,0.11869401704348884,0.1940534986672798,-0.4333269043374097,1.338102838768118,-0.23335032105948308,0.15668078571286106,0.7156749290817596,0.2550181161060014,0.6116065384985224,-0.1139495414028641,1.6788456469788096,-0.944446491050829,-0.9125913078261486,-1.8075440338462898,0.45782845376990794,1.3990663177708962,2.0094077215806445,-1.0209153064836083,1.0765360767368939,0.3643530308554145,1.9443914105074693,-1.465600037217187,-0.8454299499881814,-0.09692859779637661,-0.5685914274171131,1.446418880481927,-0.25475481662515576,-0.6404437148820421,0.5810572483783959,-0.9570035568014796,-1.3711575763813186,-0.033834482653845435,0.7906162303427253,1.6859178781093636,-0.5201845745818485,0.20433917049582997,-0.5218154658535059,-1.1644215730583587,0.9389847967874755,1.5449422312118988,-0.1612248328236204,0.3391284432835759,0.422645792979356,-1.4086239383083325,-1.014639945042221,0.5734205845733612,-0.6571748265703082,0.796690778518741,-1.1839348190392,-1.5154283109606317,0.8750953585498664,0.4760220536728373,0.516937514626405,-0.04124687793612129,0.202176096372866,-0.3802863398885407,-0.1628726304445879,-0.9635300066447041,-0.3428081101455338,-0.4223378206874358,0.43079614547360306,0.21344802446101754,0.19587511174897185,-0.4631047630966749,2.4989819351963187,0.28892485786916355,-0.268709955410163,-0.25021696324839793,0.1118235345885053,0.7233213751614707,0.43048403627348014,-0.45215293967147313,1.3006796020084666,-0.42461671102007703,-0.5548613913107103,1.845144193744696,-1.6543778201882586,-2.716434057003933,-0.40741876464607746,-0.5034406996080818,0.9008150861145734,0.7253781895546167,0.06928609547576264,2.1555636160773615,-1.5758332062298497,-0.8600279548589854,2.547629477353358,1.9946454831898126,-2.193508828341498,-0.8533435962886736,-0.1535410511438952,1.0241377984916635,-1.3214875313398524,0.6674072370181806,0.3330857407776398,-0.12205858236348764,0.45109809350081986,-1.7231802016788391,0.5071683232568759,-0.8000403096424175,-0.0697029534584895,-0.3590116963046963,-0.6712209701050244,0.2582301170718035,-0.5552776363602011,-1.5706194620457388,0.7410638754494598,0.8971291194666635,0.10262838289231388,-0.8910208991703188,-1.2728843941248442,-0.7707438964404694,-0.1318437209223635,0.139743143945694,-0.49696577528706615,-0.6678531970287617,0.17264368133708333,-1.1032302744089288,1.6209865979504658,0.9073730455884802,-0.2600205877909841,0.555419660993483,-0.21292669340067327,0.6405055001092821,0.63809332182439,1.491060456419291,-0.15385285981568472,1.683853930778692,0.1570474070204605,0.8234086140202383,-0.8019305487410378,0.030563833110693796,0.046349268328436034,1.3242731197030606,1.7912848674459272,1.2955284664019604,0.15990867368671244,-0.7720990988297937,-1.282486350007033,0.16633059963805977,0.13291006103497974,0.7823273085108033,-0.1358407662297957,-0.6597976732781207,0.32315025750397647,1.0351627655382538,1.15766315288899,-0.2271579393094705,-0.8978710404291838,-1.6512855282622094,1.4930976775124463,0.6933945670075703,-2.46649970098297,0.6900703036855463,0.2866869029154789,1.5721182572708712,-0.3307286059370664,-0.7066920759409626,2.1347128264240607,0.07032043708788455,0.691614953333155,-0.46521339211117746,-1.0120507004018224,0.40159754225010247,-0.3107830929946808,-0.4785207755373071,-0.6621017775447544,-0.1757532233379408,-0.2370418804067805,-1.3658857313544366,0.026838719589422744,0.5188336977384054,-0.014277137412890786,0.3569646844953405,1.0776726811893858,-0.6059600993497553,-0.2665308981720917,1.3702205817443367,0.36454353508211595,-0.9259639653267097,-0.19548473165902608,-0.6916283404543856,0.8496131067291133,-0.4705394772492811,0.36921749572659407,0.306550442541409,-1.8134418964669656,1.3208041230965217,0.45361639318299096,1.7278261769758145,1.1162907666716895,-0.296925550544859,-0.5020104668132875,-1.12818890358471,-0.4324336203063868,-1.1641027445137755,-1.5521158635746768,-0.8295188439103904,-0.7960391189739814,-0.09273689691343344,0.9171139019039534,-0.5958207619366334,0.5591134372337222,-0.2291749260380061,1.1412500393756682,0.5035788157822713,0.12021014235592939,0.17040996842261247,-0.21429504587477138,-0.6337183694377448,-0.7318604639125191,1.3419185416746586,0.9817754051367453,0.4787585104451066,1.0554347713053567,0.4921310322199894,0.7569340444222039,-0.43234026209281606,-2.4910213160822097,-0.3490257024904379,1.264699323003699,2.4047827666221493,-0.25714717751734123,0.7552780993917775,0.13016826165327697,0.29234827088489485,-0.4363932434017702,0.3813467807748214,-0.32001501689475553,0.751596635511703,-0.09109310961430787,0.5507082636789099,0.39905535362642347,-0.4964584541841782,0.18532165550032773,-1.44621736409753,0.1995210780933158,2.2244597989572483,1.3675408050827225,-1.1008027127360647,1.1680524218646537,-0.3934945483385951,-1.0596459003854932,1.4132349775884658,1.398560053227461,0.17630737281456102,-2.4012690130791547,1.8078953758120995,0.5692759129538897,0.7222862194877399,1.3918519473809856,0.8156681000533771,0.7357116226837355,-0.7843611195131555,0.6427865680761441,0.6125497100951001,-1.1349094769943526,1.595920940515086,1.0007869976970427,2.329859931023363,-0.2924943597580558,1.68716536650432,0.20228598618062044,2.619408201212274,0.3653258746046927,1.39942989220282,0.42177909037512173,1.108666504915222,0.20198204774208392,0.6087491760477569,-0.3840911908373189,2.0596242298769205,0.9829292083904152,1.7668804110392033,-0.5238564929401291,1.2811881155128337,-1.0323028377175332,0.5765147364915668,-0.8113973887051616,0.7661535463688494,-0.5493384403938857,-1.4827279704957474,1.6428232531826512,0.7964164047463204,-1.4960559369251243,-0.6055719200396491,-1.6689071387083303,-0.4915659315220226,0.13424407371271987,0.36309108422957886,-0.7594716520038699,0.3035991920821002,0.23209699063693157,1.0630907934413407,1.1168335477643005,1.2978985217328707,-0.893002521593039,0.16310169156385712,0.17160729192477217,0.21258966376063954,-1.6886956204963368,0.6429558848280351,-0.28837035849700443,0.974450514977217,0.39604975117222285,0.5018257455407243,1.2198442899606308,1.0478582587919627,-1.2570442135875761,0.382350478536424,1.092449241124552,0.07810168424945955,-0.4552588226084302,0.7136478474460037,0.8242252584641789,0.7090460005746024,0.94799872976525,-0.6056841823388962,0.0623981958370591,-0.5233857258063526,-1.5058836521691137,-0.24744045269841433,-2.5605892568553075,0.44414446109266154,-2.5470499070815853,-1.13646595552488,1.1952583899926954,0.1479960818813418,0.9672642771999554,-1.0619834279639353,-0.16981913379541214,-0.2785537277859379,-2.2088356642594333,0.35363249999310253,-2.1067602682525357,0.48833048174915994,0.45933754987778713,0.9042383271740416,0.8739890300285823,-0.48411258325759454,0.19424084122990465,1.275047958625873,1.6808825625131565,0.05211897045881399,0.7914647944125707,0.9447265807804016,0.15317420614431893,-1.349829432395507,0.09910301447690396,-1.0349402854821776,2.1547087743173963,0.48175579743307456,-0.05078263085823418,-0.6811304096972094,0.02900881292115817,0.8787591583784552,0.021627154050707777,-0.07712680432770046,0.7961956678696815,-0.3002012056437537,-0.9771623185640694,-0.8573288174092426,-1.1315183093595969,-1.1437059592918164,1.8125523136975745,0.3888093508754164,0.42534002311391944,0.11408419883771759,-1.6891645818240042,0.8151343241208774,0.425375716958024,1.3013660082251632,1.9821356355009316,0.5411979606053757,1.2233523264369057,0.13402354997009283,-0.45009002715781676,-0.15833645019366527,-0.24835899775051834,0.37464275908131567,-0.7443615779450491,-0.4638184790773269,-1.2617976433067748,1.2612049012826452,-0.5848210814486258,0.8886300199312718,1.258560625055781,0.7154584427711125,0.5098495788378462,1.0793996749253305,1.0935122442638523,0.3483450484722201,1.2407129992972596,-1.153842721929268,0.3659794834019658,-0.4961974599562432,-0.9553687311558834,-0.5987922576688959,-0.14125278061016502,-1.1513410204727215,0.31580913097698304,-0.7702314782334498,0.02823723119650468,1.177179996900806,0.10632250038003635,0.051856214155455785,0.3077188217114729,1.3670592817545246,0.0002026668740446515,-0.8096812952351125,0.15076171638212518,0.884408075556092,-0.33774106460729697,-0.5602424486589758,0.3155340973316272,1.9524362142238487,-0.6080665955541878,1.5645274378013843,-0.4095559897598648,-1.6354577652640594,-0.20872008223850233,0.23318714136098276,-2.994456087525988,-0.7629428534192494,-2.5067552823751176,-0.13285546780076382,0.6321426572331265,-0.22201161468082653,-0.19502177974596982,-0.9136844772400258,0.02510524070762491,1.4555370958434068,-0.27495304343303356,1.4479311124450522,1.1622083418719527,0.176902366850944,-1.600061520841744,-0.34255933127608656,-1.0818460280595088,0.6641858878009369,0.3495979265247723,1.4543743104478473,-0.7602342079954146,-0.6811303444599905,-2.187726318296879,-0.09686916579003894,0.5827742421110562,2.083685626001953,0.4707030010058271,0.05187121581112254,-1.8504267207372584,-1.6191892669017554,1.5197883605980493,0.5866148834225703,-0.48959779699720446,0.5104643926576108,0.6425186869737375,0.7489973942754682,-0.6244499682747363,0.5409398438480104,1.548806633319715,0.6717734951007537,-1.3025020538338687,0.8601227872311277,0.9395855471125419,-1.7115346153287412,0.3187544323932231,-1.7326957466923367,-0.8409801431517177,-2.2650468897987968,-1.282487588652372,0.9124568354029292,1.7175635726972278,0.09137984777146105,1.5021167021352702,-0.6696056901753046,0.5619753311528211,0.23916415947341668,-0.6680434741201529,1.32183807647707,0.40726635277023493,-0.4158017607788724,1.066866269591205,-0.9977570844622577,-0.024888299085104246,-0.05778445018348665,-0.8094455925990638,-0.08863829460358996,-0.8901875526098257,-1.2973126114111218,-0.29821510975632737,-1.0407783267397803,-0.013438385261537839,0.06552880715373642,-0.3274229382904716,0.36523938896761277,1.1972409628692882,-0.8565132766170127,0.948688049436768,0.7809075032417532,-0.8333593178273514,0.15308166462580988,2.1428193984688653,0.5119963737445369,-1.5976691936957874,-0.18463534070534565,-0.8376095334010991,-0.2040553629240669,1.0797261085629855,1.0847796829074967,0.14649482719960952,-1.2770024852493247,0.48831849844882824,1.060286918782775,-0.8118523470991216,0.062477065714680174,-0.037844382275507266,0.9606410583683499,0.7840292815480199,0.5612473761073836,0.25603937270522253,-1.1580740314545075,0.21876203810340003,-0.30290761228125224,-0.8628725694846926,0.4983731714921424,1.0850730472957375,0.3944521032218242,1.3964836393609545,-0.34611324481949574,0.9868073219759699,-1.1288929585222878,-0.5764531273492385,-0.08705549530858635,-0.6525894755772633,0.059730051009483046,0.49442548874366055,-1.5988304863609044,0.613116900819085,0.24923522889112565,0.5465368903814452,-1.659774513156585,-0.31204176798189076,-0.4311322442373982,1.5769206955802804,0.3395146561854808,-0.6088307299540006,-0.547003259828711,0.679121225847068,-0.23072536108259017,0.6569481578771504,-0.21867612393234825,-1.3911990748072922,1.5760892709532437,0.8668255825438808,0.6401682340315135,-0.643775645975141,-0.15822643788214308,-0.6669569974733135,-1.0092794345114886,1.1623187617027746,-1.5064089420171891,-0.16142885304780608,-1.3194438003082356,-1.364270478122703,-0.48015106116573025,0.6013757903096095,-1.4040127758959062,-0.22197916235398155,0.2190271904780508,-0.6700306946574779,-0.8274395771213069,-1.239787337294494,-0.07301837156997919,-0.2398297342258096,0.17340855585016673,-0.8074878853503985,-1.0796882276907054,1.1798666975923338,0.9810108358047028,0.899823652371208,1.5304122316594788,-0.9598076133818954,-0.7814551893897442,0.9358802393187646,-0.07117532221325579,-0.6133823603916394,-0.844141366485022,-1.333149223403352,-0.22010683670610276,0.3265450285132046,0.8173721176892895,0.5750623659125644,-3.074324260336121,1.6244651441078943,-0.16718796758039745,0.42028383917337925,-1.890063201319313,-0.3607322180801986,0.10754895408315414,-0.6724694474129761,-0.29206841606552547,1.0412459924185666,0.263825662677016,0.050870321562840555,-0.6962103949094677,-0.6460432021779432,0.050969189766540066,1.9252274313146334,-0.806204892272657,-1.0034707399833094,0.04910884531657067,0.10350726657312012,1.3717456392383856,-2.3241627799732005,-0.47664916350902176,0.005165104426102634,-0.41814629563560246,0.06255822509109696,0.37962098020023105,-0.10593650342306712,2.2420218591942116,-1.0040148512658333,-0.311522589840548,-1.0491813576958233,0.6074549170396937,0.3743508575892153,0.5716149302771119,-0.9499498603072244,0.7116882410596286,-1.6560468392594387,-0.8894471157410173,-1.291520636081271,1.056066993448741,0.21815042640121526,1.6974068789029113,-1.655084863403302,-0.7450590924129558,0.00017355241364180125,1.431718636611829,1.6777670423639515,-1.2174250465081717,0.2793579259731391,-0.30950569560128616,-1.5035399398095017,0.2520645831367767,-1.2715402357124403,-0.5041787354747983,-0.27936109072196996,1.092089874325643,-2.3011150378954652,1.713765496992251,-0.15199849924397008,-1.6831729395842236,0.17678223999996995,-0.3496192442144353,0.9780538412726743,-0.94312859172906,0.00045640627577596513,-0.8366829670924835,1.2691481693615463,-1.1708915617103757,-0.5000277454387244,-0.9282031496483,-0.5737666515922926,0.5912640350794014,-1.743376253353482,0.4897856821467906,1.0098179387540895,1.8551452206553314,-1.5369120640273748,1.930175501562551,-0.2567516760524648,0.2916163966824298,-0.9967070039933011,0.06133368693656247,0.06204699055848789,-2.122543516606783,1.9349607380437803,0.22391268026067496
-0.7938223441213288,1.8166406788257816,1.1954127902245373,-1.0730448926554896,-2.411663604788881,-0.2381973510776996,0.23553129568416917,-1.3095803557374406,-0.9862653568719422,1.2968373717439838,-0.24277211801863494,0.7588391061982188,-0.3113643621756806,-0.881940988849034,1.177550097642824,-0.504516571810767,0.12761006053564353,-1.0431233558490252,1.5741137686375537,-0.41018583842920203,1.240000977104456,-0.036771090552349374,-0.5859502242234049,-0.8621746531558475,0.63788438566062,-1.7790285265186423,0.5072333113246511,0.7105173751123204,-0.7596891008380946,-0.0038200956439339395,-0.8224674638499174,-0.4947613145443499,1.2579359533996244,-1.1925471997410177,-0.08275846223977933,0.6267236278399179,-0.8696186343068022,-0.7460747621349961,-1.7928244044773751,-0.2620135227876203,-1.2820455038155376,-1.2353828104671063,0.1814126048998823,-0.06650669971662851,2.140593193586387,0.3429423811971814,0.7129679715967329,0.10200762234085756,-1.7106910504229573,0.2733953037280528,1.102614783395489,-1.0488660392654419,0.8278580209814949,-0.29380481639610095,-0.820971954763965,-0.32347130839363625,-0.6299304248307508,0.15751813990696875,1.0585111788335384,-0.99879690429095,-0.4483316568077488,-0.26814626074318904,-1.4717808824913443,0.18315816372413585,0.5485496812341568,0.5688108886361836,-1.0424087992066982,0.10491024025517669,-0.3567412132811241,0.817867677011226,-1.8387922092704934,-0.04675139224167484,-1.1336444041847835,1.5038288129051796,-0.4783151399909621,-0.07871068948122435,1.207884998607479,-0.16588042230983083,-0.5670612217035177,0.7771593626555536,0.7599943755089793,-0.5894765824416008,0.405855966665001,0.729406426991373,0.1610199310566457,0.40969767086984593,-0.6918003486462037,-0.5306122360251623,-0.8414403501994767,0.7147779249058144,0.1884416118920267,-0.11327037706586567,-1.288101660679643,-0.242354890923184,-0.016065674270609866,0.0593156786859673,0.8786190856911165,1.4764501503804373,-0.44368358451324236,-1.7322434529059767,-0.3495220951361551,0.2754726427519709,-1.5488777644007579,0.16999056050076838,-0.7181246280140222,0.2590839019407134,-0.012689162059719032,0.9176706451525585,0.8688648931102517,0.095824399720106,-0.7146191282593792,0.35524076805932264,-0.2703371322335972,1.6611494359444121,1.4263339545090834,-2.465401189173966,0.6230587389209827,-2.1879988590204755,1.411376568286103,-0.47966055227883053,0.10925134222166381,-0.3529338348841908,0.3236657054425779,-1.061561462238009,-1.6016951665693233,-1.7790400258225474,-1.9428994646699393,0.06982072750075005,1.072711792341282,-1.7951267735864083,-0.7413184090475914,0.3588425248557452,-0.5086133471016226,1.5192864557261887,0.7306668884286226,-0.27454940997980587,0.3119969351848423,0.30895537093091935,2.702199115693355,-0.06558014318826857,0.7189649120938215,-0.3612591929093506,0.7525037820758415,-2.4390056183886566,-2.2861773833989365,-1.1653469734655515,2.1925880730705107,0.37285437850720754,-0.10102433806159271,0.172675316703368,-0.20032549441027894,-1.3211368003441928,0.19966837560541498,-1.7183505696489707,0.6908219059215738,1.1979187171072951,-1.9859598810827204,0.7235319028155198,-0.7962186746852965,0.5898926494504688,-0.6886944894757167,0.6231661159912476,0.3798520422782083,-0.12960154708643912,-0.693863335813041,0.0523871880331035,-1.5852024528227455,0.6600425149921159,0.015523508970226616,-0.08103740690794253,-0.8318825382889111,-0.5362383932752551,-0.29222417130689393,0.5027245368686911,-1.2508633399362763,1.2865527673319077,-0.1474422514452427,-1.182177389800622,0.34317648139218493,0.4476614065372579,-0.6469097024915369,-1.3277916699838763,1.3162909782629217,-2.080375918322905,-0.46342894105682425,0.744659282457794,0.3173883074408017,-0.30015812329199426,-0.9280518070941458,0.34107188548732664,-0.10381254392147281,0.9214042580554711,-0.06902806288238421,0.7550561255772257,-0.8267045154996493,0.5375320063081784,1.1775517517036538,-0.17380974849755707,1.9597557322881174,-0.9524654654422411,-0.24126428762413982,-0.34100479425731034,1.293939734668288,0.7319667479392378,-1.0454173108280191,-0.08906798163037907,-0.3552815778144547,-0.5006921660316297,-0.10773350661416317,-0.93669825096714,1.212445943658273,0.8034293317836297,-0.41873534206362206,-0.3221662260855328,-1.8687749780130536,-1.4153963596212769,1.2028127677555516,-0.19226431204025643,0.45323096734580026,-1.6392569185347527,0.9110381516546863,-0.7626234222187374,-0.5483675751758166,-0.04121943180041398,0.39374062983274927,0.4453246768522356,-1.2889440985767056,-1.0259447545196887,0.2721784485820973,-0.060274639547981464,0.5984000999319579,0.0748883411086153,-1.0159524084471772,-0.17157715972941107,0.26635894199552707,0.4422182264363577,-0.2745329821984631,-0.4063354812319258,0.11722766564222806,-1.0750342946474825,-0.746187279487929,-0.7214617149379088,-0.012641603983040149,-0.25987957827824953,0.3131205250963669,-0.5841842432073764,-0.820180208364833,1.454060077322372,0.9325262542427756,-0.12042424993779162,-0.8336010945092869,0.5672959300886498,-3.2198055266257803,-0.2816631275796788,-1.5931923766974108,-0.1912103212330742,0.41131080560803945,-0.441888617270903,1.4737491496866735,-0.32102906202850606,1.5164789031262493,-1.6167739704937365,1.0910112550303532,-0.33674152037579097,0.11834644215565053,0.5851719874684912,1.5640296942760823,-2.3639670817864014,-0.4711762350307893,0.5698077299219996,-1.8907474472727064,-2.0352148754110106,1.006408821256361,-1.4767215261116924,-0.8515306524563819,-0.6372699753817422,-0.07016119457336065,0.136356797844717,-0.2738970067434506,-0.3035417966517668,-0.8503716776590567,-0.10674547458006026,-1.1685549370385906,-0.40947567018275477,0.9693284597228118,0.29177482676972216,1.2095449344085132,1.5431293356663551,-1.1601942680975363,0.39276086825182466,-0.3461331929592305,0.45401898799389895,0.2827026249783993,-0.5008988657734292,-0.9024495673984657,-0.1457331434677629,-0.4576071774334292,1.054845063262432,-0.3893437101563783,-1.0172508919051075,0.9773103610215579,0.4797097116639229,2.7226256699681466,-1.8408270210246656,1.5236396565801003,-0.40592274765654107,-1.10982584735441,0.29783717049696323,0.4029547276164796,0.631036880841409,0.31579238178532815,0.9420836688877073,-0.261279430164072,-0.6479936600790558,-1.3633155142442663,-0.3644147890937158,-0.6537490994095816,-0.7175908121274832,-0.7160025720022196,-1.2140546336358635,1.116663530434277,0.34779486853320485,-0.6550199194739398,-0.8805354852374981,-0.7135875581912104,-0.1524364759368012,0.5280771332594397,-1.3500456987775307,0.5435032851634882,-1.7741124516001743,1.811475804442868,-0.6351950662346948,-0.8097715438572561,-0.9655614208692612,-0.3702457261741233,0.4861663462816574,0.18716988384075003,-0.43355998839034715,1.4091298343059064,0.9812503335574698,2.5026732845179653,-1.8863807947890312,-1.1321079562341114,-0.10751974838350573,-0.3105379551267087,0.9367391165449167,0.9838154196970476,0.698968825547467,0.7734687649298518,-0.9035275233821137,-1.944149385165685,-1.1603502643025225,-0.5782025109986192,0.5014446631083335,0.9366192532276137,0.53555064806054,-0.7672176202199285,1.2573990758009381,0.7881364348237064,-0.7518611664192328,-0.504845429598581,1.020467454448442,-0.08266109527583218,-1.061963218025347,-1.0151459484097103,0.7097922320414881,-0.36691934933146636,0.7367460759634897,0.3864932330768198,-0.8642900661979797,-0.8039531360252004,-0.03824462401817428,-0.609432889798689,-1.044646756219889,-1.8510936733521166,-0.265844562843387,0.5502942867562448,0.2899740811298338,-0.08296176438651792,1.0349500018543263,0.11462334076461977,-0.4960048197640448,-0.8544773261391946,-1.3254973472256315,2.0877799002734694,-0.9923948678825575,1.9889533818821734,1.2966003431589594,1.3358632820652807,1.2098433670854678,0.11780486924966688,-1.3624693370653809,0.3217838050763133,-0.6640951263460488,1.3526729571872984,1.3907739964335872,-0.5022544318351957,-1.2610574523304383,-0.9887462223261403,-0.39478904638144524,0.25023712054264635,-1.0509451508431802,0.4392913637335992,-1.063335732751339,-0.07954986412850495,-0.9481697514766059,1.6084338153524753,-1.0173440552899622,-0.39982991906949794,0.45179699375153304,1.050729762276568,1.5682944354282815,0.2417413679095313,0.2734474122823498,0.931601656157691,0.2629218238768689,0.36569293936194397,-0.24429031709096308,0.3754799318119621,-1.0869820782209723,0.3148234374018643,-0.34979989806997913,-1.3320241933592691,0.17641367669913993,-1.381399124603431,1.5667727298430034,0.4057051866972206,0.21288397091301553,0.36246919397690786,1.21086688408814,-1.4710292829042064,1.0876651615462227,0.7610490808107696,-0.8156673997669422,-1.4469373561125785,0.27159560242867853,0.17406733097091262,0.06818940384457059,-0.6453143965072984,-0.45520297160735546,0.36727570914875307,1.1870547127609858,0.429539223749498,-1.063745099881511,0.20272206715230115,2.1842581055224417,-0.9762562480981343,3.3344684357906305,-0.19307485851211328,-0.4714430433915278,0.038819187295567,-0.6217691401492458,0.2535253142143232,0.26053202849206325,0.050488939315761996,-0.17996328600392014,-0.2706807912279058,-1.709083958278375,0.441609937394066,-1.6379728786203853,-1.4953545816848572,1.0209034868818583,1.4273212438074436,-1.1389810011101522,-0.199041034027244,0.6114680651446321,-0.22555222133521433,0.28826461272221665,1.4019953652299368,-0.03390422784866914,0.44151752670562766,-0.2139877058946144,-1.617033882164647,-1.0281036898114106,0.8101390044671521,-1.0642596172273777,-0.5415953038835857,-0.8775801738113939,1.4289411530290086,1.061825256412842,1.178139630293643,0.4095046214049932,-0.6141220254853497,0.678748326320345,0.2368114922559841,0.39409992000803246,0.26612711522956967,0.07715152668256083,1.363590138467082,0.028518631831750647,0.24592532102174677,1.2863380173481331,1.709847096308404,-0.18170317307980757,-0.1985645046836298,0.4014509585602593,0.5345093333135823,0.14399172677135205,0.16330832111898172,0.2228422674250565,0.46100912293636814,1.261009215267502,1.4433704232000575,-1.1691291995449877,-1.1523134922609872,-0.6680175474398259,-1.1212036619725994,0.35862547325524735,0.6337040280374566,-0.32210614618504446,0.787969107256215,0.1136737133996163,0.47206883520888854,-0.6952489649331659,0.43546916425212034,-2.1243132540270255,-1.7545573159911307,-0.2915640400952518,-0.5097573986670115,0.6617712676746289,-0.44202793156030595,0.0821030089805887,0.7841612607387372,-0.36982998465076333,0.8716883647468014,0.5136243626610119,-1.6744093242291547,1.0478482452539677,-0.6165398490447253,1.3024474831000539,-2.1135306548432418,2.3253628683918626,0.2699252704872855,0.46755147239485867,0.8522932016383802,-1.1334083759639855,-0.40296276267153386,0.10355078238444251,-1.7255349458135374,-0.16166784286323688,1.0948053536071576,-0.11241579265297715,1.024717238933688,-0.6094723275373778,0.1205292024170553,0.49631279154461355,-0.12189482555220602,0.9130511261257207,-1.519312836625672,1.065276374756724,0.9316846494459055,-0.3495382557981307,1.3246670021535736,-0.6748952778016041,0.8779181488323347,-0.8873617510867452,1.0069612290154613,1.398220590501691,-0.4081890080005572,0.41332484171825035,1.3980646701544335,-1.0585303038909282,-0.6273846848552197,0.6340605956671326,1.0314135382470635,0.33183084281692254,-2.5502331516841075,1.4312288635859054,0.4414446794827483,-0.3390632358703318,-0.23076127628329557,0.33796641325317717,0.24431476149736872,-1.1172008948322785,0.863032749420288,-0.2580021532643325,0.696729979710962,2.1098824243435925,0.05928451834353684,3.386473427257934,1.4941019819791772,1.719252193480114,0.9356824208148223,0.2694110136226169,-1.0598545027671016,1.2270974289333192,-0.6245488326072531,0.3237022652043084,-1.8409147203254963,1.863774256061695,0.38164402685476484,1.131728926624207,-0.33103766297621867,1.066207353785974,-0.781399381231574,0.7229764341751634,-0.4312457651280579,-1.4512290298061754,-0.8829245334408007,1.0511072613200527,-0.3309030334227435,-0.43323232549302443,0.7542906751327644,0.6689125321318035,-2.766672895909045,-1.3594287446897866,-0.20810409486351258,1.240260891522004,0.4254321942412237,-0.5748869049357266,-1.002529440376901,-0.4557955967331949,-0.19100691552290874,1.5071043083630145,1.1550542166283997,0.5567881240027122,-0.6418104268609859,-1.623946648688745,0.05457161238143042,0.5315154926007678,-0.621822868433329,1.7171336316798411,-0.7597096519823883,0.4407148874439485,0.32133958244433786,-1.5095784197653228,0.44311324062590723,-1.0924147411666614,-0.4802795663628965,1.5334312234008889,0.4883054487473671,-1.3119374813309315,0.2088829563326864,1.8487482623939855,0.5739349985558155,0.2588081861788936,0.6436370797451373,-1.7249674571014988,0.28263712971002075,1.3848351165017005,-1.8228942478085741,-0.23328418654853986,-0.2837372251942875,-0.7858914746160843,-1.5218981779004719,-1.839170008500832,-0.3232798335581317,-0.39428818936438775,0.6927121054066191,-1.5403666950289912,-1.6447132690643869,-0.44538895645274634,-0.6326173739823387,1.2144665379155022,-1.576734463551141,-1.461921106430481,0.005431667703416485,1.1410610517653645,2.303621705137407,-1.4847376627126962,0.23760837035797808,-0.8029824642287523,0.593990956984039,-0.32069751352229164,1.3574572432982475,1.569189933415964,-0.19023733896145925,-1.1950314593476155,-0.15495579127936784,0.29485890591426206,-0.044300466120117954,-0.006206087747906127,-0.19165427735121388,1.0729264855600755,-0.45449573030771095,-1.2605903163566377,-0.40394944832477053,-0.027755998687140883,2.2862622860629735,-0.7975401778171185,-1.4431639130017517,0.8248635593288506,-1.67818611061968,-0.09585584381364806,0.21606105179765933,-0.14880035002196237,0.2760907575800401,0.9507111979147959,-0.39298118513929836,1.357761599838523,-0.04416966531694625,-1.4065948097344583,0.7873993159104592,0.35782028257874665,1.3672912605119207,-0.24566332273117134,-1.2606760237242742,0.43925205318910704,-0.7579630310838479,0.9493673571270164,-0.01277057109825506,-0.5596778040039525,-1.587930541566108,-0.14442520274805015,-0.4199745301359993,-0.11576831994169406,-1.146277385540216,1.3798048741265174,0.07416255145303537,-0.14024008259946896,-1.0613115007467957,0.9388171989082753,0.8566208024445968,-0.44893883384306266,0.34941897724098914,-1.2567702990864915,-1.3223838059774293,-0.8644466226721369,0.5243806234685751,-0.026017149992387308,1.5278541881768564,0.266599614825934,1.4518656905274254,-1.0447524452889136,-0.22194490261943373,0.09434358839842903,-0.46195006225782764,2.020221343492556,-0.31258035710901694,-1.4689786408185082,-0.28989324964864277,0.692856896534506,-0.09512254541508748,0.22285161564733882,0.11444408495297596,1.8651683208666905,-0.7972852063065639,1.5361056081757989,1.5445989718015594,0.3359952053596614,-0.4215099026060201,0.3272874555173851,-1.1290524655146812,-1.3001807808329324,-2.260742585842933,0.966257278425381,0.36620080902103697,0.4166788710366466,0.9934605734265135,-0.8952325398260449,0.3675652519026759,1.5807354053734308,0.6646770982342609,-0.22897570502612524,0.3350069524781102,0.2567305691104155,-0.5140698107244066,-0.22535246099903267,0.10831114843723517,0.2287654475099879,-0.27719495798434246,-1.454031068851428,-0.507295783526896,-0.36278531269642544,-3.0683042016594695,-0.6258461329106871,-0.45615091622013876,1.1340449343234698,-1.1953801425053736,0.763922686155898,-0.8537979599301233,-3.0332376604022704,0.5696306266996614,0.16743667576350088,-1.487441697551294,-0.9417552960355836,-0.13227543772222325,0.23850725206402243,-0.5004003607432093,-1.6478513293149968,0.14386119812713885,-0.08670769521240429,-0.37445621373911936,-1.328716848397379,0.8544857330510564,-0.7695925332049209,0.7818476071866646,0.07008713056111697,-1.0556419101784762,-1.0728170864910542,-0.9899622742256062,0.9809488283997697,0.6143911148823379,1.0253032549502785,1.3627423680715485,-0.7852477319968215,-0.3539306841819518,-0.8313787034791361,-0.24285017474089385,0.11384896931455735,-0.08972346709019993,0.09587373403565264,3.407249798333494,0.3093733817062331,-0.8599872982390592,-0.7037654674316761,-0.03916008413067904,0.6746608996641036,-0.5024748333878973,-2.06089704791694,1.0761350056957262,-0.9320669422629101,-0.37115223369758876,-1.1714117861304487,-0.2644911674004292,0.19028955727132885,1.15277481017188,-1.998545975283428,-0.9099066904559628,-1.1944402949140676,-0.4643272635080889,-0.2976359901183218,1.689562334783535,0.5855463926511281,0.17786146812423714,0.4944706857907379,-1.3787322858755418,0.3229912257193646,0.3085726430739579,1.6802911549376822,0.9589322859799723,-1.1345992500268116,0.7499451819751356,0.808965370984482,-0.07117671750731235,0.3165797253884164,-0.6568026509499313,-0.49387963687097525,0.09392460673310665,0.8843690662264658,0.0738283966134746,-1.1993963381500439,1.6745494460225843,1.7683188847160323,-0.39255332906303997,0.25996181906118576,-0.3798648255246964,-0.6419717414279231,1.8259705516071283,0.9658182892155747,0.09868652421478553,-0.030628985499004717,-0.2726945594701199,2.021193489738633,-0.0437835094633752,-0.9937933640190141,-0.4212275433338688,-1.3924711202943911,1.059235490525485,-0.7373507607759643,-0.8298426786551344,-1.1302535594077328,-2.1208123756509654,0.6052812651081264,1.3208322562151458,-1.7867969424724985,-1.3417903491487828,-0.9407342782832074,0.35818018385468203,-0.5672470919617969,0.9003879742263141,-0.742342001692675,-0.5326532051910042,0.5801208175784671,-1.059444465491368,0.16958351310884381,1.32392394373711,0.9940621099244196,0.14612522483272572,-1.0267437410572684,-0.8917961864719368,-0.7578653631493965,-0.3021666151424372,-2.0036420800029724,-0.4323051705689101,0.2853865035425813,1.5891126152379818,0.16798510726796645,-0.0007339744425741997,1.5959737564712813,-0.6407523866835333,-0.44989744861229125,0.6656332581728909,-1.6512207859560462,0.14028037020598585,0.669212293003412,-1.4817121689364812,-0.9484170198371005,1.4201353780649542,0.9841621280018497,-0.22754944549857103,-0.4997631312651641,-2.519738633456929,-0.9277189731815211,-2.2979975756038655,2.0011176216700646,-1.1369778655638403,1.397361468212732,-1.3348900435204405,0.1362355773566885,-0.14762831648287092,0.7570104128758119,1.1819368519994946,-1.9246401490827403,0.20552385562494202,-0.3744351237014309,0.48255111724663774,-0.655012132361324,0.16415571771371326,-0.13099028378993205,-0.5668307290308139,0.2737445706454647,-0.32055521758732003,0.5956981644950105,-0.37367001360158064,-0.6106637416580696,0.6907635657140896,-1.0893136708399094,0.7633114162110199,0.6460762724094287,-0.4317320803610563,1.3972872405025327,0.7507723438111054,2.2784492959368587,-0.28209417052952496,-1.2338510100778992,-1.3236360120188109,0.34755871639077623,1.4345311270734242,-0.0011492417275161468,0.18299420092498206,2.179790656264432,-0.8577577616349343,-1.0798722646148602,-1.1444515612877977,0.5259140870001742,1.6942385956247632,0.046447662380029876,-1.1805595398958184,0.014496410057909827,-1.8802832550189998,0.8898886857140235,0.5602662271584379,0.8581322621071082,-0.32233483210128966,-0.9915363802424748,-0.46113104898567286,0.2879548688182789,-0.5666168082559297,-0.05661340018120804,-0.12135082540302672,-0.6776610475680495,-1.0600951254720736,0.30731657521927763,-2.4986851012885656,-0.3689568903674386,0.0674401418760239,-0.941966298757538,0.6015343383453005,0.09324105099945622,-0.9695879758333953,0.9899856436219138,0.2576951238497646,-0.9382046649426887,-1.608716404753929,-1.7963951829273368,0.41357381615590216,-0.8942584133888732,0.0891484003812948,-0.06870956506155505,1.5588769546206478,-0.08987190776468147,-2.194616088200423,-2.3938839880473584,0.9428030487910277,-1.2510007482961931,-0.835046558085431,-1.1785318697892784,0.4422839766625988,0.1819406958029078,-0.40483285200967495,1.4298061295528444,2.7882618301472784,0.9142711970761188,-0.5942138589070792,0.9122694402756798,-0.3147557934070266,-0.9635187198758646,1.5329731708183036,0.4557060919019985
0.21328422001353808,1.4256018302485245,-0.35551167797549216,-2.1549190732437316,-1.430153585777488,-0.82296799570389,-0.49274216764182616,1.1422491420394478,-0.1339328610965224,-0.34794353410567247,-0.007117560387663676,0.3503419701368047,-1.1424712177984255,-0.7446214349984227,0.8095179083697359,0.10109659862103781,-0.46281535463385054,-0.5897281443894027,2.321911462282542,0.7248220140303345,0.2670757628987311,-0.16118636417580656,0.2648023619375842,0.9083896922444806,-0.7740383550682474,-0.22088722874071265,0.6035019728201958,1.6324290301082391,0.3510443317198955,-1.138708047882246,-1.6227278880014047,0.8031675532953935,1.0778710540104013,1.1044482181374982,-1.2225920471653713,0.7476715324226451,-0.8042618181379286,-0.8791366688553258,0.17908782466557158,-0.6818420694015894,0.15552362563730912,-3.146628796276314,-0.4301591257996429,0.329888981198245,0.21224522994102557,0.13751405134833244,-0.18702754759752419,0.5954360134513439,-0.8938021639883791,0.26228515398324537,-1.4492998256614669,0.1756760241818636,-1.4973501778934086,0.029816259882909025,-0.8254943080796779,-0.8970030851778068,-0.3152719181068523,0.8360478716382024,-0.57053566584443,0.5951567719602411,0.26196667665365836,0.09676359674183423,0.1918935300232506,-1.0112078467470955,2.7970653708339097,0.05740447318295869,0.22294441769227322,0.4996848521007654,-0.7881742479110029,-0.7709318318156507,1.2061463660754739,0.767621615021887,-0.4931217924557867,-0.16194165804786234,-0.6393919646116591,-2.7251565017651265,0.7386194243671731,0.41339819221425095,-0.34028326903773903,-1.6083926053065083,-2.3616139542400347,-2.5324747366944274,-1.353548000161191,-1.7495274717668692,0.37056871222761756,2.198635777657032,0.44692374492176473,-0.5349772741667401,-0.19457092480987573,-0.03344197309919391,1.381415640088778,0.32276237878176256,-0.18542628421915228,1.5845250197593554,-0.4660664116546693,-0.2138120573688166,-1.4566217189286792,-1.3870126312179127,-0.14349519366433489,-0.7165756020893697,-0.10633495746219761,-1.4914303430574456,-0.6194934794547545,-0.9955174448905737,0.16498838941450514,0.1312742420952767,0.4675031894944412,0.9520340100645636,-0.9839596985786151,1.1730332608656637,-0.8895445933687515,-1.7179090215570108,-0.7467922483274514,0.43705915248520294,-0.4890592236347049,-2.0001187552344097,0.10294147074472405,-0.7940672152860558,0.5255256159859205,-0.560584062894032,0.633951581065791,0.14188762175552128,-1.0809107098365063,-0.6143907055075292,0.9601310692594857,-0.32975848056114565,-0.6715556401695194,1.9006839573268788,2.813212091876327,-0.7358873271581337,0.8143210039407646,-0.4028557562033397,-0.6309099518247948,0.8093098729303109,0.6096886682098156,-0.14680303209198506,0.06229005633948057,-0.7593108582803249,0.8156767033827587,-0.3123900897574604,1.273497802057222,-1.3963154271738292,0.9353759311617019,-0.20695192549373903,-1.5594162565232317,1.950666305804167,0.14587526697552677,-1.7453386272881697,0.4550328116029737,0.06001970511084474,0.001985060270248033,1.128897347197873,-0.4225405835151893,-0.24800151909631526,-1.5896303970857488,-0.10526194863124456,-0.9916808581146914,-0.39935702729584255,-0.3720784253936003,-0.04184939786614769,-1.3485838382991293,-0.6236297354255604,-1.2868804018295572,-0.5386592703954898,0.38295821823419945,1.3525380374813896,0.2125084815855172,-0.023627722562038603,-0.34506152673790425,-1.427820249200535,-0.037305173844141504,-0.8008865516045705,-0.37128846977684965,-0.7523570030092489,0.24689663290023706,0.9894920950118888,0.3311754714419382,-1.5389895399104887,-2.1109815877152567,2.6287620993855674,0.3233987053873792,-1.1787258838016856,0.28101713554749363,-1.9713572428733814,-1.01156628444346,-0.8420473918769955,0.7411188449889374,1.3310711596520202,-0.44268924154603795,-0.5979326488726286,-0.5784426623838267,-0.9830950816495511,0.4070971834359788,-0.037728859112881694,0.6032677192080873,0.21779696245802221,0.33164137867513394,0.7900034761732335,0.295496787484826,-1.2849621871530803,-1.5020092019586557,-2.3244903797620005,-0.09645586586945827,-0.20365879914896867,1.2979616330796169,-1.0067832622532078,-0.0696131458993153,-0.9300174337906391,-0.2947226794493064,-0.779759225823835,0.47757018478384927,1.5928674563240668,-1.301989046229124,0.23350681643381396,-0.5626875692361661,-0.5475442079293062,0.11089836314616086,1.0982598220164121,1.1618091059486442,0.3941467880053405,-0.6963922467602822,0.15479011012436095,0.38867492692204547,1.4956485707989873,-0.720565522484736,-0.6213217084096193,0.41127096948206543,-1.4572790150745694,-0.37587268109949795,-0.4118693773698385,0.14369086879221965,-0.48804889800179263,-0.4270320521711175,1.647873632627147,-0.6248685364333533,-1.3833359460420578,-0.23155243359681804,0.19442791611213056,-1.599966586931472,-1.7355379271198625,-2.162328526791844,0.05750663204307878,0.33185444575477346,-0.044563807879472506,1.9993072565189773,0.13965586176662131,-1.9392931161249451,-0.5993014634378453,-3.4010643394029563,-0.9032252469113348,-0.07959810043749636,0.35079991448943454,-1.042491738565772,0.7544131096346914,-1.4380525627143028,0.6539845348328325,2.054908904256806,-1.2320169472972644,0.9778432721420918,-1.5922444463729681,-1.1549981905636149,-1.1630327335250068,-1.2801322231753915,0.06354634918843362,1.8861147949986259,-0.4134630237673652,-0.8331933188814995,-1.0988603694433439,0.13809245676963183,0.08333346184240396,0.057725920183636856,0.42076316367674343,-0.30945607084815596,-0.6457026995178298,-0.047293696345359626,-0.22120397676542472,-1.0968461128568885,-0.08706275504581734,1.0554550265882197,1.0621717428437065,-0.997277079418054,0.8913349189121884,-0.40593040529236774,-0.4512806182143765,0.9875936956583877,-1.695929422377706,0.08227670109472592,0.966035652680798,-0.5600618284571756,0.2441593433860585,-0.8765194619072971,-0.7313010148117547,0.6171624039197673,-1.5837993584024688,0.42014858362881957,0.652722810636307,1.4764698734528794,0.7004197016241275,-1.8307204775391335,0.03206405020299484,-0.7688093082085511,-0.41004781935463724,-0.13356842005159067,-1.9176683631557905,-0.3347003838138388,-0.7548911279026801,-0.19777678931583123,-0.5248577374308818,0.14452960987718674,1.1112510446257222,0.6500943867603218,0.2751540237925423,-1.4718002941351631,-1.8318507443956233,1.8191300062699651,-1.4430495456417296,0.3192698269058054,-0.5592669215496194,-0.7891697366278749,-0.5797547280561287,0.5039307863730429,-0.46521707450330674,0.7487639636161613,-0.8281342005907968,0.3980689918737332,1.0960702473608888,-0.5721758715499966,0.5028979691127073,-1.1564997370999164,0.6715101552923435,1.6992282786158743,-0.11107748449242862,-1.1065119064114666,-1.3655768954532495,0.277845682333555,-0.29303768864995045,3.0163021672204073,-1.3219912498785398,-0.9584803626493904,-0.07496534819329735,-0.4577957286488604,-1.0387030731494336,0.1930943665489113,-2.7364758919169794,0.4464122510193511,0.7009691717440882,1.4994863503394131,1.4697310562669352,-0.00443653428675116,0.45882425898924223,0.08140405602638824,-0.8193419196614505,1.210366046170266,-0.11420421960590713,1.0262581111026614,1.0466401050405119,-1.249544396614934,-2.5046232357412235,0.7524263681204779,-0.3683194728810662,-1.5333236806033825,-1.3828430464732788,-0.5135350677168877,-1.2067867343722023,0.49846901320040377,-0.522920303805167,-1.8359227809358187,-0.00396610552427053,-0.8830939170651938,-0.9684028422186436,-0.30531100933862415,0.5638091617509237,-1.1862588520397905,-0.30708273479818343,-0.4280797681206593,0.12481168642498991,0.2894226047612171,0.16899320977694857,0.645871431244981,-1.079315129340213,1.627640412110005,-0.6514382563370459,0.7928015576764048,-1.404431740460083,1.141340445219598,0.582503903066171,-0.11525655905562247,-0.8503906851456524,-0.43054146195230425,2.0393196307952923,0.6670780127437688,-0.42778098635170286,-0.007500862378554633,-0.5047971265947807,-0.4035696569474315,1.6773830022074168,0.07400733109570623,-0.2986985702614217,-1.9346391149998718,-0.5781172044168238,0.1476109024874339,1.85383230547406,0.8271930405675731,-0.13209920556595692,-0.8693493203499401,0.24792183391708525,0.03633544591598091,0.19391194803416584,1.1467640019587249,-0.5509043840380436,0.8421349833401601,1.0605485713846916,-0.3098842045662994,1.7500246214996085,-0.002673199006271193,-0.4891299219842183,-0.23446980881446028,-2.48356413028544,-1.0070702104985283,0.3622905233642796,-0.4712883261843338,-1.3782647449132122,-1.317145928910086,1.1212765223937249,-0.03008751044956692,-0.2391272384290692,-0.7024818538156556,0.1436709363802744,-0.12935877806529375,-0.2093870664796857,0.6933617148506078,-1.9701940787498835,1.110318258643585,1.427927349938233,-0.4140054698373258,0.5470700069954841,-0.7927708301890625,0.5762512492084476,-0.2530492405041965,0.8379147049244507,-1.108353788377563,1.1272591818582551,0.7807896218700201,-0.0563309188531072,0.10611432102089809,0.24621555299561212,0.2545507898238912,-0.9940539228476125,-0.32043623777020425,-0.14571393461703533,-0.045250145123370396,-0.32065307509809426,-0.43104938313097524,-1.269298660695048,0.888686241309708,0.03989900572859954,-0.6399169589976058,0.22244483110457963,-0.7568848044469242,-0.5563645410591996,0.8402106370833826,0.45615403954228684,1.0828013872505475,-0.7170596865681591,0.017877714462681223,0.16998748775255898,0.018206692767696715,-0.2357469542418704,0.6813829223741924,-0.07298127960033174,1.0502066615922248,0.048698185280968725,0.553703090350001,2.2829096437928356,-0.16595098898327104,-2.077978587949455,-0.6637098893214053,0.6213021594191382,0.8139046742962616,0.07335617258062166,-1.8249707179916344,-1.1787562399889004,-2.4379515363841464,-0.5905853332254738,0.3641853562929333,0.5870625878252336,0.7331440077445674,1.520443726778761,0.221558467946784,-1.8268870065983847,1.0382395704003349,-0.07005882598163862,0.004342969817326465,0.7466364995892424,0.5043053350129232,-0.10146190055866282,-0.6442903449686949,0.26255668566153423,0.6599435473844312,1.6613201208411643,1.2496650093115467,-0.6918748411523774,-0.902390076131295,-2.493042880359899,0.9615902183958952,0.5206654299017325,-2.3705049775242486,-0.515972542747366,-0.134864487814903,1.8678672697807115,-0.48991360354950636,-0.14866471310150337,-0.3843386492391225,-0.1776444847165189,-1.4254494188059335,-0.03647047196707963,0.635831131824334,-2.0800609003119264,0.522102383920591,-0.3209679426602378,1.3154569455546121,-0.735958157994416,0.5698116154513313,0.05770649626243014,-2.0794302849985558,-0.28024269932795726,-0.8218188467784423,1.2636015748861058,0.9440888523408439,1.0002100804756682,0.11386768648172162,-0.7495005721704155,0.8335436449033504,0.28343975999389964,-0.29612878305425366,-0.5635697826201577,0.6650354762357713,-0.2766800740828625,-0.4675466203779192,0.3921872562721054,-1.3322112332646023,0.3828036838291489,0.02555041798123907,1.4123448396661804,-0.6000427313324626,1.4251188402428585,0.8840710262097552,0.6306222772012146,-0.19418111120081635,2.563778460783624,-1.2761550558097898,2.413265867615878,-0.4507817917496412,-0.9016197112173127,-0.8766885688210087,-0.6160328558700092,0.377265954395471,1.3336299973156223,0.5207759939515498,-0.49281685253103397,1.3356766936206137,-0.11245088450354852,0.7345078185901142,1.6847646062198525,1.2555585569230592,-0.7449781638242812,-2.1916864420508944,2.130079231202168,1.2514077480236812,0.32599064526450183,0.4671534999316739,0.5521722796463142,-0.4553430180272108,-1.0444556260298676,-0.8700916339584455,0.3201771365526861,-0.21272915133781164,0.2239964070906111,-0.5981586361161073,2.1253440820931164,0.6539622020246307,-1.0679860299251775,3.186558078594313,1.4196606075517961,-2.0266999821442115,-0.6378107291557871,-0.8509969648100191,0.6016364455423541,-0.49209720140350316,-0.18737223309916726,-1.345432470259024,0.5096369587823307,-0.9705251409458925,1.2274009227212557,0.05922598206821289,2.3678322488185293,1.5730198494306262,1.315092528495072,2.186831379072367,0.02243778493805059,-1.1025856639645812,-0.8312594851470295,0.9200766091395394,-1.233939068127466,-0.528338035431303,-0.502700924145586,0.19169235291632397,-1.5626764608435446,0.5321436756907083,0.7086377010678395,1.4105865518312666,1.4193586014255526,-1.234186546925327,0.40212265892562504,1.0066499393062889,0.4833912054976992,2.3185100677786483,0.35266231965725825,0.46462518448317847,1.444204214917436,-0.40167799092610673,-1.2291886847927993,1.1624482997111831,0.8448924613234915,0.05125948079175621,0.035632016662960966,0.7833074906997035,-0.20388508336285902,1.2048696012721087,-0.7675710768766125,-1.524552338368006,0.6919054648711099,0.6391758107733476,1.2713597205396352,0.9080958962452609,0.014546986047078757,-0.8648910601845594,-1.3339389426179287,1.3431147999008644,-1.045516714710222,-0.09360369996975815,0.5725155175159392,-2.4488522595670474,1.1541862695390892,0.5499758015111423,-0.4281109368975237,-0.12314227077348405,-0.787990507327072,0.5746745966681055,-1.19522756294865,-0.8655077561164827,-0.49461890388060903,-1.2544139720276097,0.4964539261475562,0.9774637747858947,0.18864018457405646,0.4323023709479792,1.217744122931201,0.8333105972778865,0.6127241826372682,-0.17377655652056956,-0.3858916135108916,0.8204796229318495,0.39774766074991236,1.9489989020566958,0.6403073635203115,-0.8845373342473147,-0.33905788399316444,-0.9049048186921257,-0.4077871982451591,0.8956633686323281,-1.8991682247015131,-0.9126524356581218,-1.751818812299413,-0.06081071390391843,1.8104757604942343,-0.3225881237465807,-0.4783784787187839,0.4406364202034739,-0.330227858572158,1.0260527088596696,0.9323479472338079,0.025498900018455294,-0.6307715034717865,-0.6074270311778597,1.1718710642977466,0.055576367132796435,0.4933426977530501,0.4258634866189704,1.3833420847264892,-0.7104862888204251,-0.49257929016904883,-1.607241881496835,0.2640385917996413,0.17395542760407928,-0.9316104011824595,0.14930810968497685,-2.4986486083261252,-0.601846413139514,-0.38410959043506254,-1.7466053790375267,-0.4109386400227367,-0.26892142085257176,-0.47400182530208185,-0.6058294134046655,0.5090054934613562,-0.6443973188584542,0.4242622370849141,0.9741632856854258,-0.33927825927970834,0.3653868559650212,1.066010755664999,0.5525296695753714,0.19846632907122733,1.9625123452554307,0.5791145736530781,0.763412757422578,0.31939561941378947,1.0692975797172992,0.2841319395299027,0.7725925301921753,-0.43265433064283626,-0.5253767062472721,-0.9898529139440319,0.6898410536147183,-0.6866595973032019,-0.4017052965129204,0.189750002510758,-0.17688233735590592,0.49837669722009653,0.7853133423331053,0.5322286908085312,-1.8117425110380563,0.042977571503044175,1.699914128088275,1.1924504529972402,-0.41514051118398637,-0.2738393990825875,-0.2531733910757928,0.2426024795755887,1.216874741389867,-1.4584547176813878,0.7315036800024163,0.34201560563783284,0.95967527983356,-1.2179079304855764,2.178931788613453,-1.7329412411907021,0.37943841081327534,-0.4477041759722696,-0.1937635466456175,0.8430167397828664,0.5339798470683677,0.6483328010338192,0.17223614645666294,-0.08047174380302012,-3.627865209116536,0.19245230030216726,0.7343887421161508,0.66650145886341,-0.5178201255353625,-0.4683609791308569,0.8003541449211062,0.03403709600965109,-1.0795386207110227,0.23805689823890397,0.7225654071704936,0.17395982227341775,0.17614315568223762,1.2634068122275561,-1.3584363598228895,-0.8379477492821931,2.457623086133855,0.5720811148986314,-0.622172349253616,-0.8986424766229916,1.4477973841476575,0.4610050138166147,-1.7380908223987555,0.7505369535738465,-0.03709323718687213,-0.8561808476348165,0.542104648135733,1.682757512386159,1.3210104807045195,0.2266627291666494,0.25080086543660424,-1.8280616638558804,-0.9460584920428166,0.5286145917024817,-0.7649639703042891,0.05590072312787863,0.9328874621907876,1.4142527688744786,0.5220250029977541,0.731801957523918,-0.0037953048139565413,1.1431856770708522,-0.7981468134132873,-1.4975115995547887,-1.2698452303926577,1.0609613303672463,1.6273383247680373,-0.057992099240928,-2.1130259187264704,-0.5200632651805253,-1.0828504928988403,0.48243243779828604,0.9098674123805589,1.0457382043150871,-1.1972695244009905,-0.47358741972383556,-0.023104115798771634,0.533173724921156,1.3272995492873576,-1.1606301801079375,0.8395357173855041,-1.2118475658206307,1.0284507085103916,-0.42983865762873824,1.0814072515622937,0.3251524845161739,-0.23982869718443056,0.058438090689548014,0.47923325666735495,-0.4364651193250791,-0.9510386150961453,-0.5872145151739531,-0.34880979823594416,-0.4270639121034046,-0.557126278674869,-0.7078202320538225,-1.0043893304090505,1.694718530301341,0.12444305078807309,0.30520491510595876,-0.1650016022003361,-1.2211386183104032,-0.5820120368690485,-0.7641301654279941,2.0209458582816504,0.025708737408651008,-1.1279935115321644,2.155698942909836,-0.7460023902383598,0.25303478905773685,-0.09856023541954832,0.001986102151038546,1.3392284784279478,0.9389221209937445,0.5581043950184525,-2.00901386501785,-0.2440110406462832,-0.40015651607631497,-0.19788328127488528,-0.09180054354387977,0.6529677143670194,0.3199971796278877,-0.46298134466583307,-0.6074040221136334,-1.5666226711627624,-0.3361332827671994,-0.5203285450987272,0.102974230161652,0.33634016747560086,1.096229488812486,0.2924158784132955,0.3810037520248739,0.4670500376797488,0.04072952188265387,0.3301305616879971,0.8213577577219187,-0.47112571103827916,0.34474904092763414,-0.26804189159054503,0.2059644837787698,-1.0355884154454427,-0.3918672820016865,-2.0892640957325512,-1.3461634019200217,-0.5882047172347623,-0.7202873274238555,-0.7177580371598451,-0.28828625952277104,-1.9572145128566107,-0.7708429304511869,0.3434141909100849,0.23800608532922712,-0.931487266012823,-0.1785865991969798,-1.6608041976707613,-0.8475087536750622,0.952571329882146,-1.4001272472500776,-1.088434801947478,-0.1870172616279781,0.9051601589195254,0.39854235290099504,0.44056209201715074,-0.841949787981462,0.2290073944217741,0.8327790326145457,0.6414551384937388,-0.12214022336272838,-0.3992992965826035,-0.3177231986651513,-1.2797588836878315,-1.3652488905720166,1.9862330491109812,0.21671084195902082,0.33596828379194105,0.7166303813378921,0.13113831617090688,-1.0966725095110161,2.793792023440385,-0.47130612030042807,-0.05636026699488211,0.742593065506661,-0.2604804219909952,-0.6658189569605047,-0.7573374242180675,-0.6736791459287148,-0.41848962258378697,0.46664518255085446,1.4316498869231897,1.6093572239654417,1.324838821838761,-0.8986684920114321,0.7493515367027775,1.1935813024166377,-1.291599888377905,-0.2919022614665685,-0.8787524035637454,-0.8557161896811982,-0.13596059357026508,-0.9728120670978356,1.4461083364943599,1.65391104623716,-0.09547157091615578,-0.9628349117480729,0.23933164317247416,3.0210021377508975,-1.3278431368676304,0.4738936202679441,0.38387064144314875,0.15190140455670703,-0.8902067675627678,-0.45553942733542696,0.5536217930129373,0.42393572550106134,-1.2494767547993164,0.9861804997124761,-0.6465857971041447,1.2172378917174937,1.080484269739479,-0.4031635090488451,0.4005577684707213,0.2386182994392099,0.8426364754516577,1.401471980272675,0.3459888802658899,-0.25943921286564026,-1.1467741663474198,-0.6061534991785662,-1.685070799102637,-0.4181324383520421,-1.5569878918176203,0.5693408968447832,0.8129564372535228,0.748863700677779,-0.11281759943047828,1.105138185904193,-0.10711864178717806,-0.25506155748198694,0.9189168030913565,-0.7899134328171068,1.992191373743623,-0.05860774545773754,-0.5661080736241916,-0.06142314178638507,-0.4230279626285935,-0.02304214733922736,-0.8637632967621212,-1.3284870461883007,-0.40737973830824886,0.265982593249149,0.40211696069201563,-0.24278147114321202,-0.0259381697476108,-0.6381662436425695,-0.7241779595864132,-0.5233787389113208,-0.18859629163882108,-0.849057634853896,-0.7410705380816799,-0.2931826692168801,0.6621111227858602,-1.316114633070502,-0.6697561088318921,-1.1876574439679752
-1.6243273891987267,-0.6017683053318627,1.4581461435734375,0.3708842232961119,0.01672587629991657,-1.0050949892045768,0.18474451448162002,0.33028397719411084,0.13241715776214896,-0.2104006288071571,-0.040521188229311896,-0.7507324188126295,-0.14266137143407728,-0.7852968707291313,0.8255135361422103,0.24928731794461254,1.3956030979833345,-0.15540519252532203,-1.8322894966764534,1.453472091318103,0.576827644163658,-0.040952672454544724,2.9843243631413556,-0.42562606701796607,0.08895217045061123,-0.49440876868116823,1.5578692504693763,-0.5344980436312449,0.11950629918137128,-0.7350224692937233,-0.8694204636937068,-2.072943973951532,-0.844248105641278,-0.8936676286744939,-1.4259442432439904,1.3632409291356073,0.8419143842937208,0.31432674469781,0.3529991087634171,1.3272035054998748,1.3730580675781865,-1.4581575646542557,0.9776262054030643,-0.7286924782433793,-1.076000183309482,0.6254663410573175,1.5471709575088304,-2.965201194255959,-2.1875180731116135,2.2101411158888244,0.9482206909230347,0.841833042581077,-0.5069017017756193,1.5202635288987008,2.519998265191716,0.7359781902713468,-0.8741091400511677,-0.3951785128190984,-0.03869191567406564,-2.4174984686741676,-0.44912857704747694,-1.2055549851007854,1.336241643928114,-1.624305656685962,1.1629484532853247,1.6888091515044392,0.38357589904929285,-1.2264130561791036,-0.8847061147933213,0.3667433615192596,0.8665335310594832,1.1535646033453342,1.2634035528965637,-0.9424809533753529,-0.5637457187752514,-1.3571581222355307,1.0616772398255838,1.5660126125126255,-0.15731571391598304,0.6270556196170088,-0.8331471899397696,-0.4823066716012921,-0.9298170349090955,-0.6696828600830868,0.1647581268887138,0.2567980311151691,-1.2196305647776002,1.280234882345032,-1.8470361621819031,-0.6763822281215434,1.0070203601711636,-1.24394633266564,0.11511040011667867,-0.8345522003994903,-2.2640965397926,-1.2517666252197408,0.5982602230455284,1.242522702963731,1.2201969652832048,-0.4042300899472869,-0.6436962333044229,-1.9711123168463809,0.9019658831600584,-0.06883539028008277,-0.829003972132312,0.9187584564310023,-1.681511622202609,0.9135083767992654,-0.7090413124133526,1.3863136940243446,-0.5801923819235529,0.7014581273822745,0.24302197734844422,0.02760024825454819,-2.2671251813738955,-0.7432137616137631,-0.08695103916560255,-1.7861776744681404,0.2950424376331215,0.16648543227273174,-1.2310047207744683,-1.08366613380083,-0.08837919270845923,0.6130068665188824,-0.6870790617819293,1.2694387928844608,-0.31347422632695987,-1.6150156366343231,0.43112476507391273,-0.40647890123566166,-2.103191464184433,-0.75392456474253,0.10508757502481195,0.10217046935192343,-2.158967706285608,0.010701683374165267,1.4084228411684219,0.5677387569565796,1.6890301012262388,-0.6959813533887047,-0.3895721218430128,-1.3552508734417048,0.15880482513417996,-0.9665972806920634,-2.4743985287457866,0.755987169316238,1.379973915979796,-2.000517099237915,-2.921909097427139,0.1605753221916651,1.5276261624208654,-0.06461137348445081,-0.6639185164060296,-0.22943482679031765,-1.338647320964072,-0.24014581398109028,-1.6633341313437726,-1.2672238783401815,-0.7668986110179067,-1.8961503031600708,-0.6286289736201094,-1.3253745977780358,2.3971326868511604,1.631697753815137,1.7356851814095504,0.8518200901723131,-0.3814474838224282,-0.6220393112189005,2.011614385288707,0.00795267817652856,-0.7560149129894687,-0.5247038263729391,-0.2065343958590868,-1.0036905317018794,1.73578172558156,-0.6641860702256243,-1.3568755300020936,-2.695628529974477,-0.6929463233626368,1.3297589611718925,0.4541597363095115,-1.2761820797051735,-0.2770650234330069,-2.2237435734525515,-1.4182708297889286,-0.8746223555450838,-0.13635431506038603,-1.15953409024696,-0.3085212279382988,-0.1281161474659676,1.389930765484725,-0.9962556296859063,-0.22341692671423743,0.04969160082549668,0.16279512451399947,-0.03506929103679626,0.5463898386288278,0.6829587910098289,0.5430378628983245,-0.13995822653254147,0.4711976531003667,2.2467348833226164,1.615991432748498,0.4233013648203935,0.6304678269729329,0.4756814387919505,-1.0306145152691812,0.6431240692459651,-0.986980912601687,1.2064767262007299,-0.5173984702162246,-0.22816570784167176,-0.4776996526533428,-1.3278098043007134,-1.3990299054898518,0.2691500733448989,0.49127808974144455,1.5353979041486079,0.29877565327294114,0.5985265318808797,0.32715663038776066,-0.6330464810845858,2.1101939159554934,-0.7306169991826239,-0.19428961819884555,-1.551749119232308,1.0514287426792286,-0.7437971166661715,-0.8468157450279971,-0.40675235897909895,1.2440155677853222,-0.2812863212839205,-0.18006278902787845,1.2452610440858218,-0.03207826438639211,-0.3992179544532881,1.3072894139670708,0.7722593021447082,-0.7932503669595462,2.574983286089523,0.3054394388570384,0.23239700594072385,0.7234795384792281,-0.8871329300510225,1.6752658908859146,-1.0427655567775536,-1.4975165943336577,-0.3396740066655429,1.7583123568013266,1.004318628522157,2.7265786698847636,-0.5772234701237005,-1.5240655994163372,-0.8836026442168757,-0.6981428057727155,0.3878455625548368,-0.014815392954573087,0.027044136239947253,0.46555966222043493,0.047786836832128386,-0.18725941612887936,-0.9571838276787585,0.7216424486453356,-0.3304919363604593,0.04618180718207136,-0.14088526280696206,2.060327959825454,-0.4484421306459794,-0.35744144982571996,-1.8486808594991193,-0.6799348058953341,-2.2047479020391147,-0.5047736280692017,1.297756300549819,-0.05373697613605878,-1.3220539722379432,-1.1113388733403076,0.08748924988721646,0.40771613847727145,-0.1197485851187947,0.9739423005229476,-1.6931119520559665,0.9088838901235239,0.05416264975757846,-0.660424052080616,0.43583250188519723,-0.010646872741498335,1.5488849954511177,0.18353820372970836,0.38986577697266606,-0.14448755786347856,0.1869245295848666,-0.06832404448526487,-1.9172383943824456,0.1766949493407446,-1.5802285340171003,1.992519837014137,-0.0662153170061998,0.37945684080949915,0.819769314748264,0.2493958763201685,-0.36520567783611446,-3.019041678656418,0.5326036374228602,0.524752541205667,0.30271655413864895,1.0875347819158787,0.13538957907836585,-0.13502386990614898,0.23185995104403379,2.9606109365561792,-0.15050175888939094,-0.7579596507896905,0.17426897260709986,-1.385468517424483,-2.097710462102671,-0.17628868185913243,0.9013638360533314,-1.5496519294705782,0.12363916777678399,-0.9509792164313879,1.2191278529520364,0.32130296617609777,-0.041757309705023345,0.10795365695916623,0.42100078936341573,0.7652909090785477,0.45761577797532627,-0.7826156708955592,-1.3731146487348915,-0.09457091568428247,-0.3606727698800101,-0.7584706910695914,0.5809131978109946,-0.025965726468560678,-0.2835506682152667,1.7349302179883017,0.38978059828224293,0.5728627414695042,0.22279595945773967,0.7647135905662871,0.5080552245308861,-0.8422026695678196,-1.6040963941433084,-0.5376464440524091,1.2083962109098274,2.388925088344519,-0.4178794212785207,-0.09725596303010446,0.057541564589848555,1.0602417357070935,1.4343501255208913,3.2622344830321244,-0.4244035734128337,-0.11159035210618516,2.1815943081583873,-1.3929384944621672,0.5142086887520816,-0.18327049567708806,2.093195511320955,-1.1132735355751264,-0.014088033712643284,-1.3862795535166252,0.8050717444486712,0.565027675231932,0.7517432664839024,-1.8177180049053405,-1.6355397072556614,1.5245979183603857,-0.44105137591335436,1.6279743242186226,0.05449054379231432,-1.9689044240812672,-0.478476127683465,-1.1414880522508912,0.33846990590494164,0.2284054459957565,0.39172839965110984,-0.44768289538109374,-0.2430901906742566,-0.12267042471829326,0.8473173551347505,0.9516935986663629,0.16033236038613333,-1.5085728593345666,-0.7025733011731834,-0.895563356107874,-1.2671444633995512,0.6553230184535906,1.1674908471578926,1.2161778326725272,0.5372729256117067,-0.15168063852621896,-0.3163168930016218,-0.3162395853907306,0.05703318702986475,0.03352120378121148,-0.1166121682231791,-0.5223844288356707,0.45791147769198765,-0.0015384054794029159,0.7871908491508458,0.6843810260561142,-0.8873136968360763,-0.6535804152993462,0.20643968151763123,-0.8985949219468233,-0.6727765794137587,0.10173851324293169,-0.044705026941194013,0.6663630222953544,-1.6081349233821582,-0.20517283555825602,0.6424515234659895,1.1533191511903689,0.1338971279717263,-0.7234645253139432,1.0893203374548743,-0.6831791543715343,0.40438745996980613,1.2604116000465353,-0.893532538818444,-1.825284771582048,-0.7036101825523455,-0.4549370723233479,-1.938014527122589,0.8565746078847999,-0.6918394769908266,1.9511677034527513,-0.20080472853611875,0.1717251147000751,0.21879349912613283,-0.1446495803394697,-0.004288136359015358,-1.5847401244893762,-0.5022712665610162,-1.1115118811606672,-1.167966726893917,0.8130401791350765,0.06972414850556696,-0.39821637011859107,-0.8276427989583008,0.12440835525740124,1.3064012050194707,1.0104202773541984,1.9890279389803396,-0.684552137051804,0.4024385204360914,-0.6858893673614269,1.1426320159655683,-0.4759068313940249,0.6563386023241615,0.8424398850551847,0.6191081301715153,-0.4130972355349161,-0.10404216317147834,1.053449600821058,-1.1972247503244635,1.2703082334749407,-0.4431060520733902,-0.258734101221615,0.07289377077664175,-0.3442916842560811,0.30800309291557276,-1.3485919767005807,0.8287748259629957,0.4054407272835909,-2.3027791234213524,-0.05206046145079586,-0.8261929604133358,0.3368658368236196,-0.2646872490428753,-1.4613283032338549,0.5759694166067717,-0.42471951259384894,0.49761832079034535,0.354051765059781,1.0580773500824405,1.6570836167966807,0.7469446923241206,-0.34384744269318496,-0.47983992749010457,-0.27456391756378995,0.35483740484211723,-0.6078581395811147,0.8789902416555242,-0.9770901802159208,0.3253021800726504,1.0188268205623867,-1.2756678439707156,1.365816653378342,1.4383901376618837,-1.3935746174570875,2.850040414386437,2.282793456235935,0.5121746796616586,0.6056425931998963,0.4999004123292209,-0.6334355299242019,0.3711058781303505,-0.11003146146416995,-1.9439936337261547,0.2505438438574535,0.06045934161557446,-0.4948401407435398,0.08485417412869128,-0.9942602696505871,-0.42888229634506725,1.1799058622867362,0.5479722803132631,1.036038771842199,0.9154562381638208,-0.7506764117040569,-0.48428496808019367,0.23143559098668964,-0.7216882527767452,-0.20619370198353293,-1.2178349151053267,-0.04523776825901011,1.133391756500221,-0.36384366972341575,0.23417371252628952,-1.0825946247526066,-0.14317861216888284,1.2315279421203624,-1.0588439891096866,-1.2410241883631763,0.7964064181905252,0.040078012047493214,-0.5285783457352383,-0.5009785782167838,-0.29451105056982874,1.6348225245949357,-0.27955748167406497,0.13655003000422264,0.03989922288403173,0.027229275182645243,-0.22465024593436533,0.46805729594205875,-1.3954741765286556,0.43968484394783003,-0.8533159235686713,0.4355108188185765,1.0596309199334732,0.05538650807669449,-0.8468765493679477,-0.7625637551058075,1.6151649704509978,2.375552636653704,0.47567059402768075,-1.2213381746966665,-0.3795238450094537,0.7377540259650845,-1.3356060027967818,-0.11376568005292205,0.11235112089895745,1.6068367579601908,2.3000923768734785,-0.9851051891357566,0.7572258904363113,0.3883749294739938,0.9806060686627034,-0.5756357705947063,1.6124122495048057,0.055920785031657996,1.318754552470974,-0.6052600212293513,0.8242461357056543,0.1669921360172211,1.6793099984756465,-0.26299216664131053,-0.8326879978133356,0.552519181555843,0.41754251001528403,2.0517167147117212,-0.6671166807606275,-2.5694010722597764,0.4565198053223854,-0.23916020008269429,1.7361035043527804,2.0497524223033365,-0.020939152212051268,1.5167991622902501,0.9313848150363563,-1.4804112878994533,0.6075814388109563,0.7251213816419743,-0.9183727671208627,0.9730033827403987,-1.2176060099542356,-3.116134051104775,-1.511591934916694,1.7958725477626798,-0.39466885163032844,-0.450022133494518,-0.6106739083975865,-1.7316085106133585,0.022129895877187115,-0.3966126984717206,0.5820301578838611,-0.9972264265438587,-1.1183491653822706,1.5319050382409982,-0.027822706513778148,0.558981012660258,-0.8030699490938711,-1.0395237731414024,0.568675410098532,1.2269025349229612,1.048003064568385,-1.1752272698615578,-1.3550603810813393,-1.3098718312929745,0.9321643325324741,0.5743580771630631,0.12643718844871604,-1.0678464073288052,-0.31453707315443447,-0.24987431561309367,0.04739963124572622,-0.484130591613193,1.6548826558794665,0.6583338274625863,-0.1255004494736273,-0.88460102895628,-0.927190328549675,0.6991695389575351,-1.1255092383631926,-1.0830871979030459,-1.2891183049069879,0.5550638666453935,-1.6359543451910796,-1.010936678902054,-0.16555491845779846,0.7050008796324247,-1.1476352623471626,-1.5805804147154383,0.1436825456820206,-1.203579446208585,-0.6307398598887841,-0.11990058337686045,0.654765519260974,-0.31263606239884445,0.4895650083990673,0.5479847097651637,0.20789663026084362,0.52046167248194,-0.018083447655666236,0.6449786166802904,-2.412259526227285,0.6017873902050056,-0.9308262100912278,-1.1701985377540587,0.7962861390739064,-0.568099954658229,0.6549709933246736,-0.4263503760609683,0.7705724976821161,0.897755355953801,-0.9395525851587314,-1.1859895161690224,1.1411525007770484,1.8716747422164772,-1.2665656880186262,0.6213504483926624,-0.8206797513425376,0.7217136480343969,-0.20544833792439557,-1.0299486917967264,1.057212966937131,0.8958153900965369,0.6505719337800975,-0.3611146289295642,0.6732687496373135,-0.4521662703065967,0.3980092350656301,-0.7209064663217787,0.22805565928938312,1.1918635994671933,0.5660843260344065,-0.8432296883050143,1.6813738164113194,0.34686724760991283,0.4798279784031596,-0.09966048488312064,-1.2818270736232287,-0.05790308199647295,-0.1182787531846591,0.20657667251140344,-0.12552405525834756,0.6463755200180552,-0.15119247835841196,0.458348222046405,-1.1246009696981045,-0.8938048863622212,0.12609154079168752,-0.5433275031153165,1.3606434211774925,-0.7905239584650323,-1.085190514601027,-0.7795531144525295,-0.3858801989995646,-0.3064232356182946,0.46601462151054013,-1.8444104602566704,1.7196288146321728,0.34174923674702185,0.6167031390830703,-0.9184317738453612,-0.9782190595943315,0.01377696697608389,1.2788316002887952,0.19865060212879682,-0.13686595170121926,0.6406837807605462,0.48238005053316174,-1.7204218136515217,0.430131274663958,-0.17042578594572977,1.007099040492421,1.3580049880427747,-0.3526050904709387,-0.3854226733712485,-0.07130056670823536,1.0738797871626262,0.03475794891316647,0.9410289208848512,-1.7810948186054392,-0.24505207873994256,-0.7723687954394004,-0.5851451246750532,1.4519602842416426,-1.4270755493199798,-1.2142307923548503,0.4860640747397722,-1.1314097290673737,-0.20191421949187546,2.398625876068668,-0.7817452969679491,0.6325311019545229,2.065302196427541,-0.6004424345488591,-0.023225117405390433,-0.9575385026848965,-0.40395720193038914,1.3214404355999942,1.5888658117768253,0.44722785527492526,-1.0834961967188674,-1.289184705053345,0.33904397175313084,1.7841445113295096,1.2439814564431984,-0.012803529818888165,0.7180726133851401,1.8831489141579016,0.09897746821447746,1.1296440832541452,1.8728173539638908,-0.8354176315296983,0.6476718394905971,-1.506010218946434,-1.751897254143045,-1.2055984725580982,-1.3139292593569605,-1.2698192116774116,0.07518284622791184,1.9942448149669465,-1.8169268044481388,0.12666729787272027,-1.633242365280421,-1.6948401665341255,0.43555346437858744,1.4066961784702086,0.9080642983035726,3.0878040365664066,0.5368621889986872,-0.45387702050889084,0.9322701763600885,1.6874591894202067,1.2900997989143648,-0.37004876878112675,-0.7969270423029629,0.7866650713298071,-0.3553372082163842,-2.496099146080773,-1.0686612184330702,-0.3369565338385745,0.9237442397469909,-0.28166793269040263,-0.5783673517193794,0.12493072916755064,1.064307545297965,0.06729210973990352,0.4475482671204505,0.5918224390102175,-0.026745123506909368,-0.42255918501313044,0.22016151443586832,0.5125482222995738,-0.8001529539151837,-0.5388758564603389,-0.7662139295505809,0.08389290003520891,0.13620204698353472,0.302593406843456,-0.1518768539320908,0.6334132051183947,-0.6000509339788828,2.1588269946408905,-0.7745338612597944,-0.3208637285984465,-0.25272361170625074,0.5549457869145504,0.8666861960852157,0.1715089959038504,0.8238569210452416,0.5128217377773687,1.9303853903653818,-0.8451427905801938,-0.3065718652469164,-1.3432528895315698,1.4690009361983003,-1.2451798780145305,-0.25349359346436423,-0.9578480352211162,-1.620169691264571,-1.1042704955181133,1.7323832384987843,0.33797363616171494,0.9988203933888609,0.7184068586040491,2.1807858823579203,-0.16604098285976385,-0.3837783234269085,0.3538925208673049,0.4558055894641609,-0.38731811669589755,2.0564873144486775,0.6172108322166802,1.6808026335347392,-0.4547432463950099,-0.9124353387332002,-0.8316305695655059,-0.2747888407593113,-1.3100394693641428,-1.2250113419803543,0.7191604007978518,-0.9133263183561154,-1.650723226156553,-1.9764465289287656,-0.4238171190009455,1.3128155201822644,-0.15997287647998445,0.24382748454353237,-1.934408181431465,-0.22594191276118936,0.609778299215367,-0.5423903090767251,1.083298596455081,-0.23522228047493707,-1.1257198763144523,-0.37326342056108763,0.16999191664365856,1.4472909352634096,-0.20156608228018869,-0.38354706704319635,1.4719030268574949,0.8198780407971127,-2.7604352729142967,0.22766508110010247,-0.5531384042828047,-1.4008494201083517,-0.3772679159440302,-1.014980136191306,-0.24651742460181436,-0.5294192488919606,0.3935982804911045,-1.4421779299353432,-1.3277861750386055,0.6985350460208692,-1.8564621096944964,0.8972558667478551,-0.49873075622141827,0.5571195147415833,0.29092637372745056,2.19797651047103,-0.7240288598815673,-0.3645264746874007,-0.6303356389190043,0.9255207762951214,0.1181641504329602,-2.60334342832857,0.448769125651156,0.6731664136454235,-0.9700639559894345,0.7011549403799228,2.566386088474284,0.7808130067923248,-1.5351344231966282,0.42511011719206965,0.6825823201774276,2.329959031549319,1.4758273992351214,-0.679203746176027,0.3817754231825126,-0.15807086913624976,-1.729254019607545,0.01927273971040314,-1.3839873154845734,-0.8492062495374274,0.6119044832813174,-0.06989076234116091,0.10883987401257057,-0.10819628586587107,-0.47640931264363157,-0.3745844191309593,-0.33033171617622725,2.2119577395903876,-0.6712398525372624,1.2249799777237005,-1.3436355903443833,0.039053731580986045,-0.04606580017592858,0.24373620629356488,0.6037209748391674,-0.20684094798900562,-0.20397122912735494,0.5766501886003123,-0.7675480680642163,-1.5022813909607815,0.04352431222674375,0.09161589011874079,-0.7367409619048774,0.23498721040736995,-0.18186347293734154,0.27530128683399147,0.09309800331569378,-0.6065199304506649,0.4025033265853411,-0.8612870654565561,2.0793672876977576,0.5041113946068289,2.224592379505772,1.5119944126268963,0.10317310990948401,0.4313947679250278,0.6350240264531553,0.1904537946100896,0.5426432927855226,-0.21282407427228645,1.5885265112485938,-1.7130670237165133,-0.39201552784348503,-0.4379191949093706,0.13884643679906297,-0.5079146679758205,0.17823942859337513,0.5097505945685541,-0.30440328070649103,-0.13376946707170262,-0.3377623042138981,1.984047443660517,-0.32806954915856235,-0.1634810947037898,-0.6845739596908746,-0.4177481957058078,0.924876005082255,0.28672036658662536,1.1222073106735777,-0.24267111577797207,-1.6408668528898658,-1.0785218965204846,0.8946870034500249,-0.22144563003368292,0.4059166181081615,-1.5252704652720412,-0.40429160372976025,0.9566561235142299,1.2403063569240482,0.3909391940740935,-1.3869799289266431,1.9002332130449475,1.7317748832648818,0.16356547654067383,-0.07352797899024356,-2.207142244847639,0.15052010207053668,0.41056260277452344,0.5755005415121657,-1.3275137024364174,1.9554830388994497,1.5682200582989523,0.7986847772068231,1.252273596282296,-1.434932819856574,-0.9694812542369656,-1.217456970522139,-0.7893938900353608,-0.19906718233965348
1.0158807457807992,1.2721335119340436,0.3536645680222913,-2.5225011340926144,-0.6231513880344466,1.0940644328668192,1.2023296960761716,-1.320807355480763,-1.1425353882573885,-0.6980381200765047,-0.42161489387722667,2.4538469429043888,-0.5505082975279982,-0.38293990463448335,-0.01051158853741816,0.6006637652452914,0.42880079839765145,0.3225723386991371,0.5125859845942966,0.8766650458883256,0.4975683028627015,-0.10773443268997857,0.44536127386789476,0.9588789129263845,-0.9810620038356471,-1.1884833499552143,0.09863696354313065,-0.5312134202896739,-0.6585340189162788,-1.8457845249010416,-0.9825078921325482,-0.437218864372754,0.7989766891693904,0.12167542847475056,-1.4794719995994206,1.0587385910955902,-0.6377838132265269,-1.0069491802122135,-0.47266764564727726,-0.24159291889672374,1.0605052310269252,-1.9352625142798339,-1.7480561702895379,1.1839401327752508,0.730889303441948,0.05688329621608073,2.1139766203954715,-0.8180756662211937,-0.2790736707949642,-0.48403115619713183,-0.5591594745889474,-0.00972801791527502,0.5166542831440899,-0.5361331622506049,-0.8875023716177468,-0.6586340313544599,1.2693481811132195,-1.0032286112962534,0.906511556831758,-0.27420507124134624,1.0740030160838876,-1.879171841281203,1.5273059876693837,2.3501587208095263,0.37854503549559093,0.19742548947496655,0.08322947627033792,-0.9767002881770599,-0.28871091332709137,2.2164985475364727,-0.05086725572225216,0.08833386561793226,0.6283917110996766,1.030970461042816,0.45121186448094924,1.654143160931443,0.6792044966591729,0.30394219819821916,-1.564934000101222,1.0530256861480445,-0.20575705868963895,-0.3775849299734452,-2.0390821366398906,0.7958080429241328,1.759843551874561,0.8302230915221989,-0.42550161891397387,-0.33726943614712696,-0.23275551112429108,1.5312992519966253,1.7496563382991246,0.6029738720933507,-0.2774394446937881,-0.5240018541825489,-0.4652547283024509,0.45273778312805885,0.8469594101383294,0.45074936433608764,-1.0608690477057872,-1.3772287383541688,-0.46687476666336425,-1.7514679133935627,-2.4088881762876646,-1.2794321491990968,0.2772676025003592,1.0505024215936054,-0.33259902395896507,-0.1717195951047739,-0.3794466029954625,-0.6585225011710548,-0.1231167073952924,-0.8448767243096332,0.21735378768718266,0.20276886745226028,-0.9593291416268178,-0.287579383166411,1.39202787317577,-0.013179994450235712,0.9969153147471249,0.6869160771952941,0.7356712902204273,-0.28416203941606116,-0.12165862107399458,0.8638729670079728,0.3251593263382686,-0.6316345108468687,-1.9033579722283345,-0.21103580557582385,1.3250867807276585,-0.28205244523509376,-0.08229372296663741,-0.9891787034225289,0.8319388077026777,-0.2437855238366831,0.08255772765855335,0.8280765271088499,0.009675737145354682,0.9711889594140533,-1.2611181846157777,-1.816117006014017,0.6788870417799607,-0.1318872941765201,1.3213838666376814,-0.241969175864944,-1.351103353911265,-0.8071093068408096,0.5550647375719845,1.0121755565256365,-3.0904085080251593,1.6863543968274548,0.28260871863241804,-0.5966740968073989,0.2897763177026401,1.0610916485337494,-0.7267652975999934,-0.8633010278140784,-2.3935942960577448,0.09942031707136642,0.2447817286926572,-1.4368554112594434,-1.3321574819165898,0.9572314709756005,0.9915783799697514,0.6185540547115562,0.136922985912359,2.930182407542667,0.4844445394020869,0.4395658222894186,1.6725298833994908,0.30934997603154674,-0.17981361090003742,-1.3625994529679397,-0.043102286924982414,-0.12137204535222333,1.0190502313412646,-0.2652582820532864,-1.6655049817026046,-0.5746017108777469,0.7222050675401965,-0.3342109327733911,-2.284134838073054,-0.9801743903604485,1.184006671124974,-0.6438393720836715,-0.7149529801361734,-0.36109364572314073,-0.47558117858779203,0.32616444286672436,0.2263104950233083,-0.5697835410867649,0.43080092108722084,-0.9236971999932942,-0.4778722248202318,0.5757821044357404,-0.761420669345283,-1.1037681215504307,1.3403142013991873,0.6381347156984992,0.26008399313545055,-0.7340375197702989,-0.4038191898978458,0.21010576096496317,0.8420387202068182,1.154852001368971,-0.01921954465247318,-0.5052191293270015,-0.9320394847665023,-0.7689533474875024,-0.17660780262025597,0.8157698344743646,0.5015226830255183,0.7574049470436389,-0.057763176992959624,-1.367970108661114,-0.15560793605394166,-1.8818687782469625,0.26219823579679996,-0.6927457016104654,-1.0835405186424654,-1.1062344737333205,0.7591134173928273,1.436936153473209,0.853056469638312,-0.541940963785725,1.3525683855735247,-0.23308882174092196,0.8293815640223818,-1.6243068649422834,-0.8575986445299493,0.9089574416102897,1.5941060325736018,-0.45053126433503304,-0.9693388179065335,1.1667124881289672,0.8310181998318509,0.9969484427423738,-1.2183893627302416,0.24537301589609803,-0.7451582403934771,0.18078584275087178,-0.535466504049583,-2.378501237477412,-0.43008027296228474,0.5954450366222498,-0.04019075839293126,-0.09127679697970234,-0.10961926455895857,-0.7986390412012659,-0.6829122529025529,-0.28976041288687515,-0.6721695370848527,0.8611877393103647,-1.2905837843078527,0.1597267241421117,-0.8486698756720986,1.0169393781912124,1.318251869989589,0.46938705360113825,0.9361967062629735,-1.388121227263832,-0.6944996076872761,-0.060689874607266305,0.07745105226745368,-0.4243002189909607,2.083835947773138,-0.35280767717862926,1.159903999473515,0.1080073918712252,-1.8182502768348683,-0.4024359068371384,-0.7273023162439218,-0.9071978901373572,0.9541141611448143,-0.3636025716785741,-0.1477839323091011,0.991013057133132,-1.6769592063523633,0.33340948215593813,0.12184708684594737,1.6810108700758704,0.7272977654191558,-0.4720776637664465,1.1294444674187079,0.6734335813741327,-1.0673669758417879,1.0045874133409314,0.5969292856317925,-0.42632522526536876,-0.44322835574734487,1.1213685725086164,0.3273463924273701,0.4136916043608742,1.3563335427588006,-0.3125532390883826,0.16185441014246746,1.88989249944179,1.7160529906005757,-2.2075651120726834,-1.3682332771936283,-0.43506964602095965,-1.2222446940984357,0.09374061318287256,0.9700390715233879,-0.011223019342148045,0.2193567668104058,-0.6940941682126077,-0.8243625907069666,-1.363685416919606,1.1845451457248812,-0.347386999076794,0.09915182619669179,0.05368698443950373,0.36352025355386514,-0.8046328907683675,0.45050234077461204,-0.4807838461263233,0.1836545633569169,-0.5591224880563015,0.23714912050014794,1.3002221607628663,0.13486666774153874,-0.15898702300093218,-1.221057440937906,-0.12007790547044384,-0.36318302650118467,0.21367929235290886,-0.322472450494518,-0.6897617284937888,2.606456741178933,-0.5425657681994417,1.9188187490006114,0.6774756498266842,-1.0225764637368084,0.2452226436941385,-1.533819455052042,-0.48471204859050687,0.6150302760613909,-0.6802917832513873,0.3457896593319819,0.976496441240981,0.14202015512961902,0.6596469223909943,-0.10373627141227897,-0.22875286224292346,1.213802492673988,0.6585629961456084,1.5900068370016414,0.8795965026142989,0.8365468612115812,1.684737525021651,-2.669808878852132,1.0701100859959125,-0.6266982596234889,0.911283564928919,-0.20454672123593956,-0.023697929769165977,-1.1863636557786994,2.183258491145079,0.33914420434094805,0.11294593896123079,-1.385024455835055,0.5309204269602801,0.8012014757532754,-0.870570511825141,0.6384707930692787,1.3590727165666328,-0.9220441668930515,1.0156082288439394,0.6527593587881717,-0.5379996814639795,0.0408295620895983,-1.0653947928565166,-0.44458150657352563,-0.9979489485038595,0.09494993827144653,2.3089343793556703,1.9997802134168072,0.21294992492264467,1.268413411324766,-0.38799094840128917,0.8073671802103665,0.03868325891463099,0.05698569401030009,0.0898498964226904,1.0821093628125988,-0.41160020796891855,0.2857091711133066,0.44624406609287054,0.5732170547844204,0.8631568866220828,-2.6349628421921376,-0.7751939972277537,-0.3528423223226065,-0.03902845040033529,-0.9284567053314225,0.30144503364085334,0.4929634412617373,-0.5374284745748865,-1.2057495754946301,-1.1946388968618713,0.390132008673352,1.574260690174485,0.5618202384068164,0.44282162748284914,1.0210227999276524,0.5355750727944358,0.5895749884151573,-0.0859207432350843,0.11452988545584068,0.17828954364535646,0.7924648463001168,-0.64960449736437,-0.06720175330715207,-0.5702251637120093,1.1404640456200394,0.2698539694664644,-1.2847262243071165,-1.3599789943026308,-0.7114398972531103,0.047441380770968565,-0.7014268101599215,0.775336539980393,-0.03874016212689607,0.14239992669689522,0.7439909329942553,-2.182501111402121,0.8149117324973874,-1.3309670736274537,-0.36190274549400175,1.1057404617020108,1.0210580373979716,0.529967315841736,-0.18051427528375824,1.7120588198819802,0.4513265241692768,0.1381216339787904,-0.0868837673850257,-0.037482304844070884,1.7740902945677792,-0.31785375618977274,0.5673154638162549,0.3280179308353422,-0.0015780000941159635,0.5739444207062279,-0.4572409584086071,0.285394112308088,-0.0907470056492283,-1.0198498437965011,0.402798977776921,0.15932853693578475,0.39280399054104914,-0.5366517291046756,-1.5885685094926567,0.7243032491200146,-1.049937406880005,-0.4917567162859547,0.9367704423510533,1.271313913760077,0.808090450564097,0.10536668232024075,-0.9691323147047002,-1.0736663009567575,1.357014764513856,-0.25474989370670564,-0.1637521225196099,-0.7926788386675515,0.9850688617366243,1.181699938865738,-0.7645023860535317,-1.2382589291126198,1.3888185487841014,1.151040692275313,0.23774737534774984,-1.4772128417370003,1.188765092471797,-1.0983481508116628,-1.1215319727149295,0.5050625258033234,0.5541379361401323,-1.4218548423460433,-0.5430085404897946,-0.156658044247393,-1.6842552529939678,-0.9599759147689679,-1.3034150277799201,-1.6509425470058754,-0.5621200831339833,0.7419809444954891,-0.6948146911854204,-0.9966849863559959,-0.059671621004853244,-0.0004961842023193396,1.3312413040487698,0.8730682564135414,-0.5091895932801196,-0.499447143819698,1.1273485847604285,1.0493842791698533,1.7302055020389975,0.1306336054253801,0.8088608101124438,-0.6798693475218686,-0.2719689782222997,-0.4157026114301852,-1.0712614698341836,-0.0843112252653589,-2.258529681715081,-0.26498560969771245,-0.5507478991105628,1.3372902028163574,0.9823830867562725,-0.7177232694392233,-2.368035505208127,-1.1642025341528996,-1.7970095489542104,0.24236038475620275,-0.5780707060552479,-1.9756781972071205,-0.5497741000248847,1.452481492377028,1.8606932251843888,-0.5460129381407591,0.4598481315047642,-0.7763974598777265,-0.4162622407460892,0.6768622667509528,0.9318242106457433,1.986285464349873,-0.24344547640833272,-0.8800073034177918,-1.8542380013108293,0.5276842634080358,1.1161331969019395,0.6426589048738538,0.17340552890537328,0.45891219701500435,-0.04539303899081259,1.6889985510809788,0.2709788739125408,-1.1794047556144838,-1.3641723979554328,-0.2087755691983409,0.765878622143249,-0.05523843207045728,1.0127047478126758,-1.3523136362707235,-1.7814786242779337,1.189614952467299,0.20598013641084242,0.31256822914843685,-0.751348488678175,0.018951464394343864,0.8173968965808722,0.7330932158650137,0.2577756488137661,-0.6388925215071777,1.340562566357204,1.8028735441618298,-1.9275011901997654,-0.030643507150959842,2.353626436759877,0.19388162205275883,0.19631970493810985,2.182475183015374,0.30397161732335853,-0.904779302484491,0.6395208213197762,-0.22156596437994774,1.064261656971073,-0.42286520810579836,-0.9186097582568883,0.07241657142712464,-1.0350696222159916,-0.07626783477436859,0.5589746245095292,-1.1245966530945266,0.17890297580898465,1.6154478545936555,-1.9774384046732412,0.5606571764392088,1.5044781442483868,0.7955781383367865,1.354558632577448,0.36395983408882326,-1.3532778662355245,-0.23513159687995425,-0.2984431192180649,-0.2798206075596704,1.2364800874656963,-0.5152677920896038,-0.289642318966262,-0.557933687905023,0.07114204842666226,0.10862439602132702,-1.163174721721022,2.232168789039801,0.516429552204435,0.2676599263024294,0.7541288996787548,0.3922628729194494,-0.22661653058160983,-0.786916971519848,0.3058902779844421,-0.38761697362866077,-0.9607259121112787,-2.8004733396819277,1.0823737785949674,1.5439305121853018,1.474063271700334,-0.045370347050907756,-1.6848323911565672,-0.8401080627026662,-0.4997596318575947,-1.4086805578254158,1.1000411650789246,0.8382952020605066,-0.00212407632706913,1.445295341699536,0.5454623444586552,1.3968614479559842,1.1839894515266776,0.3951516821810377,-0.05489910463063213,0.6826593491159575,-0.6150798740170585,-0.6116798845990766,-0.03064555592451421,-1.070686033238346,0.8802700483091548,-1.4153980722469843,-2.33029612988377,1.0521734240458895,0.5737684184131279,0.5444461238413137,0.7040975061193627,-0.8962632168717845,-1.0276133214044836,0.7864293205849814,-0.12894438867305252,-0.48137668864135935,-0.7981379545912767,-0.09045829708212806,-2.849370578944129,-1.757063032860311,-0.09012174458794078,-0.01882290000800419,-1.325952812299383,-0.7864885694398425,-1.1199979550558226,-0.8264222291695444,1.09791396273814,1.3191949060321475,-2.5391975015430637,1.8501294696768897,0.24462543153320038,-1.1799416094433206,0.7878302436645374,1.137272550566715,1.460821788101752,-0.24044780491129242,-0.5775022998878758,1.983982997761938,-0.053327452787664896,1.5233657563906808,0.7456998409523815,0.9264158407894589,-0.8849888024341546,-0.5635392211390029,-0.5517057494483296,0.8147440854488855,1.7351995946364436,-1.3329735078235674,-0.6326249005531015,0.5718501927429005,-0.3432099611983443,0.7964209325837354,-0.31723480681217076,-1.183736801757807,-0.6069783554383474,0.4889280990974969,0.43238592387812536,-1.1634265366565273,1.082069656217902,0.8044483095721122,-1.0298684096057957,-0.23868182696258686,-0.10221072832132859,0.5797028150817994,-0.09248703769610422,-0.1453602701442517,-0.2023747126502262,0.8426990775795375,0.16611751015845239,1.0512803342802948,-0.4538843623062403,-0.20746921684644914,1.7981892537162392,-0.030736078717149177,0.16631694617089787,-0.920846350679627,0.5179197035178376,0.602927466360707,0.8515410131102048,-0.6363223445422255,-1.9872135878527728,1.1871824670689552,0.4584926638659754,-0.2794722713309517,-0.7609435848889837,-0.2212874411217224,-0.4374355517780542,1.0939152573381399,0.027792432648365867,0.3024836343042303,0.5000440180407698,-1.3680090347962737,-1.5757192144795737,0.8813160625752499,-0.18874947976102494,-0.9154769634094018,0.10799279997863126,-1.0771993625903176,-0.9681530511152842,-0.2579430983589369,-1.0375661278694057,0.7205101702221078,-0.4503230704876998,-0.45979715011600264,-0.419353167062707,-0.35787655328603857,0.7647096577716397,-0.4716278655362382,-0.9386150359781815,0.6140060483909737,0.03542607406539968,-0.9227051157174293,-0.5244342582960004,-0.2391098560498018,0.6597149310264878,-0.16556044351794133,-0.8451858074837066,-0.24888062535056146,0.011735683907498913,-0.2767164466350106,0.17681101391608045,0.8900639290999504,-1.4018019797987789,1.4802234886694774,1.581111661468262,1.2484162046906777,-1.1358289265283223,1.0669796737899806,0.7972523797139336,0.9154107182209585,-0.19409819829573635,0.7597644039887897,-0.2020461228654534,0.7524806028226649,0.4620917616701594,-0.4315617365306948,-1.1607186190566727,-2.171425684363054,-1.1755884392296423,-1.520442385466606,-1.3926219939851987,-1.4224545306923404,-1.3177388581787555,1.1403299940666598,0.04109284812080794,1.4469250063553143,-2.7625704372740767,-1.548473179944635,0.5521824576921796,-0.18676839333441309,-0.5480343193844657,-0.400522616639081,1.0702967499078353,1.5422922984946905,-0.5671651388577498,0.45051182917232613,0.3930530348391356,0.14525736566933822,-0.9497375959239853,-1.232525659569425,-0.2552111383173707,-0.04620553482745041,0.6688431653038849,-1.3314019200830027,0.3477437010300284,-0.24223003275714347,1.135532739233666,1.4499799408228609,-0.8650673335079305,-0.8455334502624305,0.4450130964744547,-0.1016291023511661,-0.7181426131710943,0.547116849763255,1.015884992421961,0.4487662781513759,1.5823031408244936,0.604358835034499,0.018061086477809008,0.7166317996759524,-0.24581664467395922,-0.5413435736470777,-1.7076216811510372,0.36575980613779996,1.400607966329923,1.7509925183811121,0.5324270920187315,0.7119532881169507,0.9401810762583511,0.44633182941718835,0.3174635965977777,-1.2364358741205235,1.930661490191197,-0.3594277397747156,-0.4294089641988739,-0.36798278110763766,-0.02625081743880006,-0.7017159862354283,-0.11107912077646258,-0.49970295171476964,2.540679758416596,0.13129199898592395,0.8851053128593414,-0.8937995661007206,1.8445581561463804,-0.3271988448247479,0.93729977386333,-0.8765114139262135,-1.581591418227495,-0.12383544644216533,0.47317505547515154,-0.9196267376007963,-1.4575780064614594,0.6945773429178488,-2.550553588302664,0.6271778954176983,1.5794585813740443,-1.1853034323422467,-0.13393815360869316,-0.15002154998530093,-1.2911835266340135,-0.330894478323954,-1.180020913442246,0.7533622319745114,-1.3324783202424468,-2.5113286590892385,0.9551955891044012,0.4782914268360559,0.7050762486566957,0.13494951900661992,0.047786937220878484,0.027907086411246087,-0.910406130230833,0.36058224920835424,0.33945277074216024,0.8891942155173337,-0.01758575074266601,-1.420395915386282,0.14741970811652344,-0.7349520292272271,-1.967078796481792,1.0590723895236869,-1.324681121707601,0.9458381789273679,-0.06775425581774501,1.01910278973946,1.8197864056443591,0.16204107290418104,-1.0086233512165195,-0.6942706872920833,-1.4447288446228557,-0.09133159639286825,-1.5774898474036092,-0.488612445978899,0.8573377372345312,0.8115988740727885,-0.329551114327192,0.10490067202723653,-0.5703189424505297,-0.1402295559557592,1.8651505551661072,-1.209898012464994,3.1219390996073395,-0.3056695829331006,-0.24106786054394638,0.9402607947868374,0.13903576289421068,-0.138506401971238,-0.8962026447208227,-0.43687058191059663,0.8382817475500481,-1.511800058319149,-1.0414316370213517,-0.6092394492521506,1.834647841100336,-1.3720692458961101,0.3736884040234863,-0.2338230870654426,-0.3220757425164893,0.3142964102259982,-0.8898114809471628,-0.9209152911267371,-0.45240157635440603,-1.535637514609396,0.7307394598924349,0.10325582509333736,-1.1382529915104593,2.509701448481445,-1.4969226148384829,-1.0891160091085592,-0.8597255172157997,-0.3640484894777248,0.224527229731003,-0.9122677155593938,0.29804146135328696,-0.621434197592654,0.5880620054631979,-1.7643499295278704,-1.7241982972757481,-0.22044044514199074,-1.385050030339583,1.0818716464979972,-0.1694060667616705,-1.2982019181680577,0.9759038853897626,0.04809963613706208,1.1611869574823055,-0.9170238746891268,0.9327439317325553,1.8401310992444269,1.329450321301243,0.0853231087052634,-0.48763393890935686,0.6335752684373839,-1.376856240397109,-0.22328997646296242,-0.10773492644658862,2.775977399956566,0.19749883377613262,1.0168812594945684,-0.321760221891495,0.6877234130680249,-1.5568337223180706,-1.269499498391361,0.05758820519266028,1.1528618283235599,-2.0715808338776855,2.3881091806129273,-0.4690926873864181,0.641525685948579,-0.4494658632710829,0.6712569098865024,-0.010319827342303588,0.38085757949645554,-0.15694869695119704,-1.1496397504638067,-0.16158659083530555,-0.3344365506236672,-0.7986791997152525,1.1585311318882516,-0.4751624494662109,-1.5026900251865885,-0.592305215097874,0.41384556740482853,0.2105498707735849,0.5999683549556888,-0.6745319566747945,-0.7916284918073784,-0.7163561723000103,0.6078494623986664,0.8041187260696373,-0.3929661961537707,0.6672199233229461,-0.37908098663522605,-0.19747646953491207,-0.37445535982642625,0.0060656320837696965,-0.1573952550046647,-0.062296760023125605,-0.7085994181055293,-1.9296774216808759,-2.0109452040460805,0.49744541145695054,-0.8289476335606748,-0.2991453412272729,0.1876338124520634,-0.10214148397128481,0.7013092358176991,2.354058114397484,0.6353160074477361,-1.2679511580881277,-0.35258377491270027,0.10582386416295533,0.5538566910887928,0.16284186407523701,-1.1929175490850286
0.3498729621200818,1.8446130425584462,0.4249319771661886,-0.19785712599251223,0.540207692882118,-0.8408044607099093,-1.5531587507980396,0.0890629635994126,-1.2674098085564045,0.07244766089932403,-0.9288513113827769,-2.717110044653345,-0.6425380688902772,-2.2670587781734115,1.335253008453833,2.0109590419614216,-0.22347933687072233,-0.786336451207174,1.9245397490289244,0.21315922251910754,-0.6374923183118646,0.2702112310823071,-0.3001323579669427,-1.4534853478682397,1.4938588675573132,-0.6453006467912019,1.8150014777749095,1.262311985472034,0.03576277503244785,2.6887385750274904,0.23228285240262567,-0.9891066074899775,-0.6528572160170469,1.1411771458743032,0.9360127955419494,0.915986292476705,-0.05064700179266813,-0.34695709814389875,-0.7691738692255424,-0.2371160608987013,0.14906228371880095,0.3463509514600613,-0.7167508845019874,-0.4921712191965343,0.9954799478148398,0.1265204723813796,-0.17114293639751185,0.7650986940157863,0.5123786977329959,-0.5908022050481323,0.17680949368315926,-0.5941895021037609,1.3857663122337418,0.24134283167939793,0.9740782088572452,-0.9044779816732326,-1.845915997150772,0.27611248152748374,-0.7761326183817269,0.7163360227875534,0.39557217920233617,0.7820828024493147,-1.336927168735952,-0.6393969882258632,0.23323731778564658,1.6459904834989447,0.7156116878539008,0.27781057833932643,-0.41070822736350776,0.6104213136693861,-1.1841338497261642,1.0804391912534574,-0.05794228151663162,0.6018854750944169,-0.8389010259601297,-0.8354583114872277,0.8780978657702351,-1.0466631391849786,1.5218047817704445,0.7048961470675776,0.39972315417935944,-0.06916855969606736,1.585296836346386,0.5931338422786846,0.061956223309892644,0.16204221415620373,-0.398122063136763,-0.1747742328587303,2.049186224722851,-0.3786027656448289,0.18490927648150193,-0.24001386809960984,-0.5260844303087148,-0.7765671687252553,0.9409816033301298,0.7982490831931279,0.12160613194088606,-1.176473348635562,0.42296778450057054,-0.691624677519325,-0.2415821615817538,-0.34688663007433346,0.2728867525265714,-0.593222800055858,-1.3261877993476225,-0.23237151175788429,-0.37868717557614034,1.5668697845950257,1.1098978051982815,1.5603031648187622,-0.23794354914997518,0.6847542885094243,-0.7081647707977032,-0.739892720992581,0.38899259507318684,0.403293277513668,-1.1551396614874136,0.10306550599544789,-0.884237250885625,0.25487462050635307,-0.1671602661235691,-2.176075456801314,1.0184269013370792,-0.24446152798073342,-0.3800285442212006,-2.865617251113524,-0.2634737617880044,1.0372246185330003,0.16956732603009647,0.045917334948299575,0.3027997034870679,-0.19667128247463977,-0.17487594713507154,-0.14530319682509707,1.5469472676910938,1.1875279496962081,0.0018149534467530096,-0.18128170281871145,1.4734451990144055,0.5567977839065765,0.882328473941479,-0.22439616522396064,-0.6541122853046576,-0.314852361504906,-0.7380485793998293,1.1771698938688455,0.12630291719938683,-0.9846297075029455,1.0725074670907202,0.18616881381057826,-1.5562733971303857,-0.0561003021894687,0.13862425722602525,0.5881693596655623,0.39998764414998866,0.1298978585648543,-0.7937917733540361,0.22837261875912565,0.8755257418813823,0.9857352202988527,-1.2835195901482914,-0.2946812927665011,-0.41052000534015887,-1.0100664926731702,-0.8218164043920924,1.1531548677482921,-0.7659550292585063,-0.8849889888803518,-1.0156572744134904,0.47929087048051344,2.4441348391802085,0.4740983621953781,-1.3702302131063835,-0.3423961906196649,-0.1757405774273943,1.2881230609279342,2.9125844387716944,-1.1605030929706457,1.1256806750350863,-1.5472076808667923,0.8060652265437704,0.1094491765047054,-0.05092814830142456,0.049326304296024526,0.34808576730025803,-0.6086222950686733,1.6861944745982211,0.6534486255887711,1.0991103928205899,0.08009049420912373,0.41995170002118315,1.2227721490505716,0.1407588090153161,0.5743322816546489,-0.28916977709907454,0.5332384988342914,0.02911371376082369,1.0296895403230866,-0.7071912931075884,0.3508895840492265,0.4603130304173789,-1.414030960175707,-0.35305988983180114,1.1187874316077993,-0.5740100650648122,-1.1223167644992846,0.523590158383171,-0.6355805705637542,1.181116448592457,-1.8840921688933316,0.4646256670718248,0.8503822343097506,-1.360787866653971,-0.5585308262553198,-0.3082206938129399,1.4400852495067675,2.2999330128617737,-1.5551050464647067,1.0661732932777277,-0.866208519483155,-0.379463496298536,-1.482853815715972,-0.5343074286360583,-1.082396754870392,-0.5259912726003945,-0.024770857098627256,-2.174391242570064,0.9474787206983663,0.37944033142841066,0.3366935193132426,-1.1538750639532764,0.21925152777589524,-0.7046320532133885,-0.2815905596786941,-0.6644600902963071,0.25836803842414513,-0.6191194631702379,0.37134760571883646,-0.5685729678966176,0.43736182138633767,-0.7691987044306666,0.9144411110378836,0.33343432856075944,-1.525807971071434,0.6397806142140141,-0.7303203969397706,0.08948958830414093,-0.03602960999788135,1.2932299193812822,0.19119088245275023,0.4015068330362175,-1.1209813956865524,0.26195020657388596,-1.3128887872036452,0.8600090876152731,1.8711541034367243,-0.3747974231355855,-0.30878812391165317,-0.5923482612175377,0.35857261710033617,0.2629519905879861,-2.368215172051405,0.4193739774740028,-0.04710374786270161,-0.6222822695667686,0.3847206497919969,0.9817654986922356,-1.192655930759864,-0.16617549377971744,0.9470451233419913,0.10586881403953063,0.5426547295671165,0.5954240123442645,-1.951744602642371,0.09333647279978724,-0.8671734063943505,-1.5654473487331877,2.036740733042309,-0.5117850104204459,1.0484361383629845,-0.9958312369693674,0.15622696314246956,0.038196002654900675,-0.8576758284025336,1.2782002490312185,-0.2992912331504795,0.6845649396396031,0.5101536625416975,-0.5019719646356205,-0.2571714954947827,0.4551922126011084,0.5005290472810795,0.6104106814744059,0.3847942054891932,-0.5111289007453813,-1.003604577628106,0.4309086168799721,1.0862180296679398,-1.0904601763650612,-0.685010595456858,-0.12601642394593782,0.7870203974537724,1.783510653996785,0.6149551678693007,0.26761888572113385,0.6357164559591733,0.6761643637734432,1.3184076694208042,-0.2186458376100521,-1.5327131984190592,-0.19732294398774416,3.195163800532213,1.2378715461689,-0.07247387562993952,-0.08910550359708241,1.1319307028496979,-1.7595646127165485,1.8732167919053793,-1.6012105952555644,-0.923890500301955,-1.9827549718161432,-0.336748937176911,-0.9740684607338682,-0.3229697243787115,0.2737859717647354,-0.09097826023672549,0.5772089066096944,0.25325777023826784,-0.8534451722431093,-0.8893028434166654,-0.235570134729896,-0.8185400897929084,1.238085791831792,-1.124875603681854,1.2077381891318268,1.0493076045371361,0.6339027603159508,-0.5612196486815291,-1.2519257743538765,0.5631690395256405,1.7642749626964356,-0.9338872651041203,0.1648146708427939,0.9091955779738917,-1.114151888600512,-0.168194919808883,-1.027532568444102,0.7210583506778773,1.4172508703570583,-1.4485320115150666,-1.758819844754833,0.1463196347062455,1.0004064490242162,1.6845207917166596,-0.4887563474992717,-0.12191495617865407,0.05304625547593568,-1.7662125642182553,2.9836380594991567,0.0631102983769404,0.8942863840950936,0.7576992729791013,0.47194706967738675,0.07746184466036173,-2.5163496771436775,1.224692035211631,-1.5873958966707649,0.507987673898427,0.5001519740366747,-0.5861989024825833,0.20813767203609138,-0.17485956478621445,0.5398853621181618,0.3315809152057116,0.20881499101691847,-1.5651779261034333,0.3688466722736253,-0.40316050841335593,1.4140213928598528,-1.2550641894709922,0.8328175491654131,-0.256616255554045,0.0889887367355484,-0.657464213962665,0.8448357762326831,0.3145344908319246,-1.007001435894943,-0.3395078624063853,0.0263066990477036,0.9198450403529261,0.1829536129031844,-0.7094431059873684,0.41629965378934825,0.5738241027080387,1.4145200988178293,1.2155187302053099,-1.7371426680068252,0.28136995590972513,-0.30324374175921204,-0.05169350378012023,0.16311160884583537,0.6508365939501052,-0.2628101788228226,2.1724748525976305,0.06830144164071603,-0.7560022035662486,1.0647285363092216,1.5841412915708513,-2.583031404841742,-0.6276931402375714,0.032564743212705624,0.9272046072700403,-0.7095521071373365,-0.9805643040752444,-1.2260661762685847,0.009621880181032454,0.8443216799827984,0.18079763327717563,-0.07072337649999748,-1.0053391067842963,-0.3743559594108992,0.9861558070023774,0.19536419591000215,0.1900896381263767,-1.0614613056039954,0.03769761012454556,0.07978080092566445,-1.2288991731559398,0.5958948106086354,-0.1714662336621151,-2.155577378273573,-0.21490767065067268,0.795557036439609,-0.07342461478984194,-0.5769048265580347,-0.8548715371749842,-0.24975072238302032,0.08336137189942787,1.2944437037813525,-0.7237082515348021,-1.0236680309930584,0.23725452163745722,0.6714770399016291,1.5362837444212938,0.4663073838996429,0.6039385707955489,-0.5236239311668576,0.3389816149334567,0.8416143907660781,0.2397362250654092,-0.9732348334113219,-1.0232314881825546,0.201889195462627,-0.6353550296103714,1.8429956325212165,1.4922190439558016,-0.40969404896578465,-2.294950172800422,-1.7797703649483008,1.8140799361028663,-0.08832151234889402,1.2275106960304742,1.7100695405225899,-0.691989272164036,-0.0030720184884323633,0.8911416343609287,1.0280871045806967,-0.6551212660481555,-2.0476856752272004,-0.9623349171772427,-1.022026729139625,-1.0777433597085386,0.020270704582177775,-0.9566571012176984,-1.2540961689103094,0.011437221886215994,0.2870604139474319,-0.8476491110838903,0.17211508874540563,0.5749525960735358,-0.5152539478509304,0.11954509049715685,0.29880558334214075,0.6476665571047995,0.2123082897663965,0.05378822563970562,-0.21222895730895375,-1.087713454471838,-0.1692746906877248,-1.6408811308253175,-0.10166209760231182,0.4961671910058698,-0.6684562056846804,-0.9743118498243191,1.3200122380658044,-0.07685202694650045,-1.1949644251647895,-2.0394555327526565,-1.159558356540622,-0.686002454629261,-1.2717223785073581,-0.6729708856448109,-0.50137179037731,-1.6975101794190501,-0.18256974044564525,0.22027372951636284,-0.26291734155102914,0.9164733017074119,1.742766288659011,-0.1208432319733748,0.27128783525556993,-0.36102600367645515,-0.7850055483201578,-0.15763672748679217,-0.433706331477167,-1.1486641944807432,-0.8565545902767506,-0.47708582549286643,-0.1526496757771446,-0.787325122160655,-0.683513199758639,-0.27257163731924083,1.1341876289132653,-0.19850442022523002,0.9392639320290558,0.631027970967695,-1.3431352143077016,-0.6317385966018748,-0.4974891826640022,-0.31845151384103815,1.414125523749974,1.0709336193778032,0.8425071894843612,-0.1244964283555295,0.7202685517187483,0.09496542713620958,0.908846671279095,-1.2685196134475782,-1.8713222058630106,-0.6022665258551892,1.4437397053932517,1.3758799589534016,-0.19578454446734178,0.29285803648086184,-0.6793562995155307,0.9988100330672016,-1.1298898345499275,-0.27834123516895365,-0.37767619601167607,-0.10190254484229909,0.0024979002700420854,1.364859900226868,-0.5760248565548918,-0.24134454061294722,1.106647223436675,0.15092126683918317,-1.3562323582480924,0.2035754980512285,1.0636458939948854,0.3050221938520557,-0.8708403303354004,-1.3853308362755128,0.29770648101148217,-0.8143407255413423,0.9447818371454398,-0.8757306359923073,-0.8944256633341617,1.236847518065565,0.8714266996760455,0.7361431505053714,2.117129340032865,1.450753521330789,2.64166595845427,0.11161031460279061,0.429472440328416,1.7379566563541962,-0.5156627898852569,2.716040616782979,1.6922228470679643,1.0642819063178584,-0.5255536405268504,0.32410391168466685,-0.15271974812222858,0.01566911157088056,-0.12698076976867878,-1.023570995098974,-1.2272114322629801,0.5190864511542059,-0.12751245087239169,-0.18718038531507938,1.4130934436228573,2.964877762278994,0.620048852647767,0.8534334163048174,-0.20270096415521371,0.3713163268116207,-0.4908309328206015,-0.7862397972215283,-1.9465998103288542,1.2587819285559028,-1.0506571817955006,-1.3295525604589877,1.4426080760785744,1.4527965665673803,-0.12120547333271864,1.5129184557191278,-1.8639093524234562,-1.091727808020109,1.875457379983272,0.7817433688399169,0.7964047500338464,1.140490087484931,0.8856856913303656,-0.5583606114545873,0.23881348493342378,0.5564725404204113,-1.303368312365322,1.351269160793572,-0.71212661228856,-1.4519780079988835,-1.899732399089753,0.8745770045708393,-0.5395096837118099,-0.41890605447039925,0.9280759732658882,0.7439736272148831,1.0959118810596211,-0.607355965142349,-1.0016965445896109,0.844708970373744,0.43892959905411927,-2.262199404128495,-1.3064368099521209,-1.1829375686145298,1.5944931139067708,0.9937460852265775,0.8236096777036532,-0.8528829808283916,-0.03086340833587365,-1.1954848285730775,-0.1892352337406163,-0.6133889709603669,0.1507697427782045,0.6688985692473277,-0.8900091281673042,-0.6576325413429367,0.4984721924403666,0.3285553804943597,0.7523988700278627,-0.733920974644273,-1.0189881247629207,1.2685023975686252,0.3557438013742326,-1.1081583569072857,-1.282356573703655,1.2029544476195013,-1.423801963173612,0.30777904865800687,1.562009761998269,-1.2477851281198034,0.23680201194072617,0.026269379580098676,2.36648028926312,-1.2893533518592502,-0.0850215385712691,-1.2003809007624087,-0.09308367945476106,-1.0294984684220008,0.5250426921624661,-1.012880293762137,1.1361366744258936,0.39539667542507057,0.30370095554140264,-0.2118490580773395,0.2176276372211855,-0.4656609523024493,-0.5712993623849677,-0.6237646204768221,-0.2915470510098561,-0.7717311491514098,0.6736174835527077,-0.9254691765604183,-1.3972132987682429,-0.58256997427299,1.6740283676188514,-0.4554061233641328,-0.8982617744246274,0.27725703585001793,-1.464165252063731,1.7727136742222143,-0.46272939112557815,0.9047443919962816,0.6516777586892296,0.25179962662044386,0.14583323154759015,-0.7198903542474541,0.41425047610246385,0.7543312769872124,-0.7210645468941993,2.380353678652929,-0.25022372114916863,-0.24806198371097238,-0.8920642204300014,-0.16993680780402148,0.7716620207119725,0.47542172064017735,-1.4125567347187358,0.4470484440704655,1.6127401598820592,1.1922882537306763,0.6454549500599673,1.2608770280994404,0.99618770964777,-0.9075388558258675,1.3825086796972035,0.46251551046836237,-0.2224192799988841,-0.07362575127634233,0.5488620063095863,-1.9194885029627338,2.0224478152363603,1.0358351513864699,1.533327844628355,0.34822963418246805,0.07644048269918317,0.774514826423113,0.4191792937096843,-0.04812982195476555,0.13956971767074994,-0.8884053055877822,-0.4704825261375878,2.206149152478523,-0.0804681281007814,-0.4165247472153035,1.3420372968056693,1.9375476390903588,0.7094988832603644,0.9721718814091185,0.774877320988019,-0.951912531003252,-1.1263322553474413,-0.20279891317196658,-2.0989756688642927,0.5184075088774703,-0.8524261992309894,0.7276549739885059,-0.6733607221319907,0.35323416031824795,1.3780003108557228,-0.7295190697671868,-0.21789115031177755,0.49242420463178177,0.9952506957503328,1.010407556494256,-1.5096767970891682,0.35275810252262696,0.19123780043251043,-0.8557550592611848,0.4492750409497383,0.950318537837005,0.8969194507743273,1.0632915266540575,-0.07829721694712484,-0.4187628902626959,0.6261290126949784,-0.37155532008978803,1.5891556372478621,1.5113945462971932,1.3746346173407191,-0.03845687984910778,-1.715902831287785,-0.49211513453230626,1.4969762333681889,0.8129123129322067,0.7991417503857658,-0.18443002004795261,-0.31769440811192107,-0.3050299982159495,-1.16910551609778,0.6326457242997305,1.843146500296243,1.2734469130458954,0.41477722623036933,0.2389095939997926,-0.10171534474524664,-0.5171928755062457,-0.8380284258930997,1.3670754753263172,1.1649161835646262,-2.063379023078955,-1.465187410979,-1.6052624730593563,0.5124035673523138,0.7339490830914602,2.455624119939378,-1.451722419632372,1.3656266264877874,0.5140073605585171,-1.2584819252052752,0.6851401356192571,-0.5109827580039552,-2.2623228201786505,1.3334468381158366,-1.523099447869361,0.32130690360323916,-0.5769867249486125,0.32568621330414216,-0.5632919878853443,-1.0772852445148282,-0.7813425433300887,0.1865630505571295,-0.6236783153471667,-0.34092548617775303,-1.3094897770740193,0.7699630499126064,-1.3875513257853562,-0.5280542416840869,-0.5749744520146122,-0.3009017516400568,0.19137246996805116,-0.17376336425788386,-0.05021889961048016,1.45717368722044,0.2655713069350927,-1.2618203783635973,0.12365714255665636,-1.905542502064529,0.09708752452668856,-0.19453442159147633,0.9822537369000978,-1.373447448236847,-0.7821765050497491,1.4807891085416152,1.0517354865801394,-0.10402752094033126,-0.05095004958440518,-0.6862047475827923,1.547482612863172,2.0351685644549433,0.12012096575970098,-0.1168405096711595,0.4932604345993228,1.0974649348446681,-1.4721346730414422,0.6464823260493565,-1.8325200339297893,0.09459245633269629,-0.9564607439178429,2.030872949827028,2.1263569489148146,-0.1425695875246589,0.0027685406005909592,0.6269903978364944,0.11769183464696707,-0.048659825533216405,-0.958733120624338,0.3531561843957459,-1.6194165073793134,1.1698675193196801,-0.6246805221662804,0.8021279091194031,0.8647238279616362,-0.17654282586431355,-0.0675931697233608,1.2154022347918028,0.5115552776515611,0.5264594274886507,-0.9564686467231257,-0.6739679126924087,-1.0228596580267222,-0.23048460369868276,-0.799713733270978,-1.288579351333971,-0.11534525275943894,2.1968012909053685,0.20835279489742314,0.9305982713619454,-0.9644918372516024,0.12595967547334286,-1.500040821424743,-0.6906824301805327,-0.2680784487673924,-1.3395152333869977,0.4613853436642285,0.5789536920629663,0.7210181435770564,-0.21441990039914724,-0.9968862678031172,1.0105022020651044,0.32243567649908644,-0.44007620733166486,2.521602762273075,-0.26399669610448034,-0.891159262009678,-0.3553430167770877,-0.15920729800371503,-1.7213453375237793,-0.9069172458733601,2.0387752997623525,1.2890087372309749,-1.6947426082247743,1.6405197575097077,-0.3515862829898977,-0.2363651549690654,0.37351142838916696,0.5147677849755101,-1.5076925960496161,0.11600179492891592,-0.12795987419361535,-0.9544575347046351,-1.633577599011051,0.7062382223718733,0.41809014418670776,-1.975240583502959,1.72158861261363,-1.2657556981522295,0.1575523118493948,-2.2957280368356137,-0.8271070440507758,0.24371712964484826,0.4629568152529008,0.7819616239699133,0.3950660732787343,1.0877342980912397,-0.28869825428479123,1.5176245870200114,-0.9471015302827926,0.29360099664750394,1.5332099027284978,1.2777171963073881,0.9134730506291936,-0.9982150998340402,-1.6326282933782243,-0.48666392785167883,-3.0857476430991313,-0.4145220031419834,0.6068383292801484,-0.18135897709445634,0.9763744874499396,-1.3133123132945075,1.1519482383740163,0.3770052131058442,-1.5507410556659211,-0.27093332780705304,1.476288962807922,1.4892818415349904,1.208597927456647,0.14150375324919315,-0.44381531423524123,-1.309014516554216,-0.13204304140298,-0.024056125256980747,-0.2435518546665783,0.9508853222975743,0.4294129469320251,-0.7009393192289801,-0.040283426604518044,-0.8800070930753168,-0.9411904593380818,0.6647814372588946,0.6558124256994993,-0.2962613970679881,-1.0253507232391617,-2.4372638570977636,0.12686186323833115,1.0327840186798931,-0.6134278842024643,-1.608172196701577,0.17122812861674017,0.6382327613070363,-1.717288435922703,-0.3700809410943233,0.4699399641804938,-1.017758303942308,-1.5001475026491118,-0.08074884397684863,2.0020862109880198,0.22508334041405045,0.1850644496888412,0.6661278072559,1.9230101456195745,-1.883215743465327,-2.325557687101874,-0.6975858532827482,0.30008539118424166,1.2963789805114148,-1.4481394257556974,-1.21689114325439,1.8031217144386489,0.5708494277680437,-0.33608955186467193,0.5698656758272119,-1.3798970914737434,-0.2837953792937209,-0.4939778160710788,1.186112495717852,-1.080501705234308,-0.9729788894890559,1.147082859844944,0.872942368432131
-0.25217651894710635,0.21905561022558925,-0.050413844023284526,-1.9075783571982836,-0.6101613859615069,-0.4676042047560877,-1.1133096125842807,0.16143357519213108,-0.32474046962968955,-0.22379302017838557,-0.9437455096418303,-0.29524129478794064,0.14295943758620747,-3.6904364025798713,0.696051740793291,-0.024276816311480792,-0.2703705539273609,-0.8139367596231193,2.066992568455084,1.9037572992730287,-0.5582851151482486,-0.4643167265734483,1.1810867441504314,-0.2687711439662861,0.37758599679605803,-1.5488022546569526,0.07215041174066777,0.17696297671992944,-0.014862349748022523,0.034955081729840465,-1.01181232986973,-0.37644018951078606,-1.7395832419249577,1.4013901869004242,-0.33408719364683725,1.6864178090731357,-1.3177599920898417,-0.618381439481826,-0.7144860928502288,0.0952156330359443,1.5434980396245466,-0.63257701363281,-0.781764236136811,1.5060421710160072,0.6475162063154686,1.9200346792668492,2.370563904424098,-2.3149812114755277,-2.302565748489868,1.2410744561159048,0.08262893105640111,1.4438934979134739,-0.030255195649422528,2.3403952708592834,1.666800700581669,-1.0336968957501937,-0.42069759119290057,0.15999335563274636,-1.3711704657578014,-0.5156704878609324,1.1255244260106236,-0.8055376689760871,0.09082031981350053,-1.7444526470883732,0.7536355004214191,1.3262872754502655,0.8086321810618293,0.3238035999774408,-1.180759052266493,0.7946986263943228,0.7808592552994149,-0.25334037636445716,-0.9677141840674258,-0.22238174725158466,-1.022245551509787,0.00653892882730795,1.7158425982275975,0.05509917879527331,0.23800851080051075,0.13433424126440066,-0.2935530613666824,-2.18187055104451,-0.04718436889262736,0.7969840500824639,0.35744201060286496,0.11879704649044051,0.3916710716837222,0.5664055740913713,1.161998030442804,1.5337949416009014,1.42028253496754,-0.7731224585274296,-1.182043333202678,-2.1394390714395963,-1.6233676017965943,0.5530204007534117,0.9392504849471579,-1.0463104757750301,-1.2251143299325433,-1.8597115336716634,-1.0609471732272497,-0.5674826235174666,-1.6440125299975,-1.4512261851959194,0.3327169971849045,-0.16228427272914525,-1.6641609759039768,1.6608633939802118,0.5608906201581203,0.9293679498993668,1.0477964697024262,0.32394104171596894,1.5117071481972706,0.9159513402642815,-1.3610598573223767,-0.27246209718691,0.234712324387369,-0.2762600150274456,0.6128214865170294,0.4938226677206471,0.4334495208596713,-0.42761263832083235,0.1337510176178496,1.4574282973347004,-1.3305428296422834,-0.9165276759688693,-1.032933442390128,-0.8995356447093702,0.48759153375348097,-0.8192018929596905,0.5047467085214071,-0.7605328223303567,0.3534338166670623,0.0035038392270531015,0.10687133947879976,1.0860830182304568,0.33121155994767015,-0.22183938408569678,1.9638436178712797,-1.5804026713619823,2.8527115224117834,-1.613587711768064,0.368478890812154,-0.019508444913409858,-2.094534913138926,1.2810655037781353,1.9362743752515907,-0.4844532630524452,-2.1003392340879015,0.3303164819093278,-1.0530325330910326,-0.6415216160151981,-0.4213001423711678,0.12051567448943074,-0.1386418276053753,0.3146674279128591,-1.2583203243003562,-0.46519263757499074,0.2827104737947918,0.4869739088659164,-1.3236265060932182,-0.13515049933101064,1.3862386098027866,1.1698973224685032,2.2174920055272587,1.153496987790002,-0.9341503957575606,-0.6723459382921715,1.3835179913385989,0.17308856048659965,0.855781122715045,-1.0916258259931964,-0.8765878957958718,-0.5550908975622555,-1.377623098645894,2.1401443899062103,0.7825655717071883,-2.4514660697064015,-0.029303823216033868,-0.09856387179276388,0.7047514938689797,-0.07420520973190771,1.0629110461164244,-1.0719874927871398,-1.0971690175072841,-0.9188473648947834,0.5222962141717464,0.3933777749107684,1.0233760434863035,0.8674227885888977,0.7360429193458307,0.11374371857286314,0.298231231080769,1.5417674621855484,-1.840312133608173,0.3426795431360984,-0.5821533876070863,0.5612512644080587,0.9101088248144132,0.2604942293483968,0.16206885551965258,-1.0855490416505749,0.8531347871660745,-0.1058070591995549,-0.3593448100595099,-0.876213982637181,-0.6861428293665317,-0.1140240923915202,-1.1285466939997386,0.14924980515301334,0.7524274624425269,1.7903664053912518,-0.0554981698123478,-0.6935639735929527,0.19191170036468647,-0.8992393542314032,1.6779089070932163,0.514170708942655,-0.022378632432622846,-0.5742980491430568,0.7007681612171833,-0.6566436998823885,0.9699758258660557,-1.6518754682724726,-0.5725392723807428,-0.5158032625099784,-0.3318479282288561,0.3631613464277295,1.1160058176614251,0.5354910558050139,0.7292806670795207,0.8239313111106004,0.7862656853022499,1.107415005336064,-0.00499397752727145,0.5653896747643201,-0.5774238160471836,0.9194593194459161,-1.5768503906465219,0.41112796647621347,-0.678543434601849,-0.021580715353770177,0.9720180080542824,-0.4092939587819034,2.8774417583594225,0.2329775111173553,0.35433589757447764,-0.04214860443636544,1.3915366404909586,0.9227362377088272,1.5404177035477282,0.6808960512455211,-0.2657055655136887,-0.2884218800620913,-1.0067999482411625,1.1082720191310642,0.24049908803685485,0.030267804405173303,-0.3187294377767172,0.3418897658310861,-0.4284943897580184,-0.15479755726232014,-0.25986691838388154,-0.16926343953111656,0.8401139871310288,0.45601467355141173,1.4416922525327527,-1.5165882170612803,0.7105142067193294,0.6744053390155081,-1.9775638423859134,-1.4309479261926112,-0.4847140958399748,-0.05264774873867481,-0.94684704452728,-0.07774133228178651,-1.5199325690890093,0.8471449269267513,-0.8759620011173921,1.5202251917007483,0.5318901782909505,-0.9342291976002649,0.5643578682078578,-2.1839465685385813,0.4059752552367189,-0.26040821271566256,1.1183095075497265,0.6608116102372593,-0.628126757733407,1.3787653714752923,-0.731971889734627,0.08896949625100287,0.7864811613728643,0.06289331882973791,-0.1686048653186559,-0.5508868919236507,0.8067407443958674,0.916439992406467,-0.9656552536328854,-0.7284964184548895,-0.8759374530622035,0.6922500892497548,0.06156299099133788,0.6596707485318021,-0.25158954191406246,-0.17732247879138469,1.5298299437032643,0.00724381346939619,0.08445150476903554,0.5883989673437481,1.0254676368002045,1.6221651694108135,-0.042728192828173125,-1.0970270772140562,-0.9362167962507377,-0.4357623017620345,-0.27042589836853936,0.9218453909711731,-0.8402627995989302,1.2463712748716822,-1.0597353858593617,1.0544036492761508,-0.26184271899625944,0.898423925046266,0.12082084004555405,-0.004211170349917878,1.5365642851227355,0.9899128951289373,-0.5020084955099122,-0.4212633657787206,0.3340274543743479,-0.7016177545398387,0.25718156139351944,-1.891286721449526,0.43047315619940346,0.9160119003530726,2.284319256485114,-0.04385884531587834,-0.739548824410991,1.8214126421112353,0.6009393801268242,-1.3521177206237895,-0.48919854156270115,0.17543539820248816,-0.3262012497475415,0.2225951799772389,1.1351967018478508,-0.4282405264988028,2.630351580630764,-1.505229712640175,-1.0598235136534027,1.1151476480247506,1.023399459565411,0.61570777432533,-0.8925649795154398,0.3178078932334627,-0.3108187551091552,0.43114269428246116,0.8305263893589174,0.6729955965205654,-0.2569330241781258,0.10405156910509414,-0.25346550959276826,-1.0034879062278494,-1.0598577839198415,0.2188796052734582,-1.9357081741031907,-0.932799202483304,1.4737269916918614,-0.09513344362535307,0.948524740473178,0.8706391060541989,-0.7411512968154786,0.46766317857261014,-1.0773239368943661,0.42608325363772004,0.18536997206649267,0.04350641283499563,1.6083837785854944,0.16265868035010367,1.1468495033490862,0.756550242270241,0.8867989801046534,-0.9242822002247958,0.5759489056109873,0.7158411992325532,0.08660004288408246,-1.2735651480502652,0.19567766212324034,0.2861629549661725,1.0842452436398502,0.2555135825708066,0.4652905762544759,0.06640444517164984,0.011521462029934723,0.47850487450870255,0.6142411720606441,-0.4734759189899012,-1.8459045520470205,-0.8996654169531749,0.34527104520545626,1.198994277361859,1.0928252473588047,0.3359679782147278,-1.1291328810578363,-0.208117851028372,0.34088618207369725,2.2339926755283486,-1.2842993616256226,0.21646079651616257,-0.3726943847689104,0.5581465856754987,-0.8080053378700697,-0.41715832882167897,-0.2552492701017409,-0.48211699900602856,0.21797883530459777,-0.7867215593952926,-0.23836498031931252,-1.141421731954172,-0.6066964018351606,-0.3240435425656313,-0.5644766098700462,0.05797362445828864,0.3610478218579929,-1.985154056204508,1.4682532751682613,-0.8517445212845688,-0.0886147234098812,0.5100670371995664,0.18717557960915804,0.4056529963576761,0.0061730507538771155,0.26339213807764617,-1.6811943181377031,-0.4151297922539507,-0.6908967267175452,-0.6246022774499,1.605770380552388,-0.5982202660769754,0.7363404920060527,0.40933710758021963,0.3310196801004165,0.17413593081514536,1.6178753850908807,0.45172169268054907,0.10977257269203225,-0.6367468180224869,0.04023418116902707,0.3364104899163783,-0.7619953313673734,0.015150137350686129,-0.3435059153564413,1.2499380966442015,1.198774179851933,1.3268914012043211,-0.4916918148193963,-0.2939630881372007,0.05522965842885507,-0.6766287743878242,0.3962491600246724,-0.43841758667313685,1.3145298937057701,-1.2822142359582431,-1.0864289779020642,0.5878550282624115,0.9777487869340435,-0.8581596680454406,-0.7626150675227402,-2.1317869542017385,1.219474062949348,1.0779562667654627,-0.6039195686842193,0.137632390058829,-0.5060029402251686,-0.7816491629986779,-0.889038471179364,0.16358218648486753,1.6269130700529415,-0.9674739564009932,0.2235077405740226,-0.703479784306826,-0.6459328115037406,0.6974256374301668,-0.3782140924579747,-1.3477711840499411,0.1680280932021359,-0.02788541945016238,1.3480398673897762,-2.309577420607714,0.4461378333715737,0.44376064689864403,-0.13620402256990416,0.7834054452214997,1.0079674689457314,0.3811886352827805,0.06991021845013565,1.8611948705355827,0.1772537782273455,0.1883795414921618,1.252313596941634,-1.2548031907727502,0.2996698081981905,-0.9437339624973509,-0.587542084328346,0.6876881630975907,-1.98562663965732,-0.00847818648011211,0.1520816932081719,1.752458634528676,1.1870673905732279,-0.0548545916647261,-0.4151016518783531,-0.8168871386422795,-1.7318695063440217,-0.48321689233935394,-0.6360950910692661,-1.647588335486458,0.21204980815509847,1.5488915650363724,0.8715521855049688,-0.05371832902953163,1.405622232389833,-0.28014877795935056,-0.3784532506125214,-0.622065748633361,-0.025125777962392598,0.9223190823650994,-0.8244801242968205,-0.015715294459517814,-0.8270448622897318,1.4995019387202364,1.7237833148310744,0.18482374036731408,1.2045060741248017,0.9571518123034647,1.339366380818476,0.5299184149710708,-1.654190502372319,-2.159205847491735,-0.19039118339090086,-0.6841796487592274,-3.0185937709714183,0.5266023738302564,-0.3415271491844363,0.3179958850256655,-0.21393658548440905,0.039803501628309236,0.5518114311862669,0.32467980660257545,-0.6805629286345403,0.7170458443374035,1.069158441055835,-1.4240280090539528,1.7645867540628848,-1.8433178819140985,0.7413192144043282,0.9928111302480304,-0.6859380105406401,-0.19119583214089644,2.0848563742152604,-0.7460658495379996,-0.05329977007154501,1.3019235222125922,1.6616167911694857,-1.3009289508665633,-1.3456695355459356,1.1361895929434354,0.32285906936822806,1.1522429409048527,0.46212441535603377,-0.36152155247573914,1.2065587031960916,0.6899481352036064,1.4897320055200496,0.2099089318362782,-1.296601829776787,2.4183217571871194,-0.49884938351048713,2.3709874563478017,1.100992345570818,0.493509072682998,1.1994178756618479,1.3549878037721768,-0.3679096895036717,-0.29523110470462044,-0.47417713205612266,0.46865894038557954,-0.15180944245658476,0.08924989198953753,-1.6374815925945976,1.0337958093180837,1.0530413449771425,0.24721934547631516,-0.25118904353099614,0.29671622257186464,-0.5533053870676442,0.2377882908228061,0.03573741994485752,1.4132323606171986,-2.1187561575055245,-0.6832455074379956,2.3906289751155634,1.2073463106470843,-0.05792799808929125,-0.36985935579986545,0.05953958600881116,1.2923984731869864,1.7491855072459617,1.3341764866786388,-0.5128226802732299,0.053073897406618366,-2.02166388559829,0.11270838488879019,-0.2038501505678409,-0.39524229474147266,-0.6466184500980383,1.2295837525846578,0.7463740012384571,0.030264383911982783,-0.01604543962340764,1.9697966926986101,-0.7609254732875522,-0.6117567049669606,1.232225254521719,0.36854126232240086,0.3132060204643896,-1.658542255520762,-0.47644081757717466,-1.3882090658234176,0.6564668463343949,-1.8760816957779465,-0.7972476422843079,0.46431868602783377,0.8170891142162802,-1.2727701012544086,-0.7374913076955426,-0.5549316903098869,-1.6143374636422596,-1.0904902785214898,-1.0968649913392208,2.0082956092132367,-1.7274651003283545,0.9024616721207562,-2.1232820796211946,0.19783619855632467,0.008816574286582758,-0.9803009981308531,0.5186610296020346,-1.737081487122141,-0.7001133334137254,0.6342767538873203,-1.0677154987823632,0.8417009565270754,-0.8312076541961396,-0.4498960351084321,-0.706974203181379,0.5642017029453351,-0.35804923243670495,-2.442302632516976,-0.6746880236867042,1.732068669083388,1.223782323647281,0.020602337223463014,2.320011724513704,0.6410604840722627,-0.5463349923354156,-0.4008898495994682,-0.28277197992867276,-0.6201018449105845,1.878944560033352,0.03491296514656713,-0.061216268531472356,-0.39665804672785326,-0.15420430748833694,1.866749561460049,0.8006063529485911,-1.2290542755688396,0.7739874887697481,-1.240285279175975,0.8894288050177452,0.16460709545378654,-1.7967708363719752,0.11006010030546426,0.8546484585541141,-0.8526971480507952,-0.8228622630658567,-0.6620939719605353,-1.1981541301107175,1.6267904502753605,-0.5648239467047831,1.2351317625665137,1.361177774886469,-0.4434805510595663,-0.31968603151085234,-1.0677339731540383,0.08923651125093678,0.5711448616612014,0.6151845331127213,-0.22188230224096087,-0.8133800899708402,-0.1391360208253919,0.04048223141781781,-0.17447184402823157,-0.32053468789388423,2.3877814686964287,0.8724343088283304,0.01608897103786292,0.5264345005708423,-0.6858121268857886,0.48247580658763384,-0.5840992108094004,1.0273561612118607,-0.5057197880332229,1.8815235302206004,0.3090061910221469,-0.8148933415302259,0.6655878058082295,0.1591325337614375,-1.898793566920465,0.7710081197660479,-0.06931813327211708,-0.5776302276367501,-0.41117407428549224,0.6429180865458617,1.550700828541652,0.27060747813003483,-0.9622087879987702,-0.14834106143010783,-0.41248497153160835,0.7823392543166137,1.0591878230784117,-1.49801181092445,-1.8747103734842059,0.9310786052702946,1.671595107824337,0.8121954121863783,0.933073230449841,-0.6409745810693498,0.05169687968195064,0.4270106261532383,-1.230021833113737,-0.3439320567638755,0.22270336727110018,-1.0447921328563339,0.6829884892546075,1.7605004220421303,0.45588347616723307,1.0021540696370619,-0.7121622991766882,-0.1223789610364813,1.63167923157907,1.674873747743003,0.9761029633844311,-1.2288170203901256,0.7997903002814997,-0.9582226146556881,1.3803613969474455,0.7439447066881075,-0.013617673644271864,0.30002509785141446,-0.3505968852761534,-1.1797955848778332,-0.17033997359474248,-0.17247876426432154,0.20932367686583078,0.6799693836244446,1.1903018902971334,0.5395394067584809,-1.625799920921984,-2.197745249349269,-0.3512370480891487,1.427590934847431,1.35271555713529,0.48789634829426703,0.4738180734126324,0.314034905935125,0.9867783917632661,-0.5763341950352028,-0.04357925583812738,0.9030007432398908,-0.11562888189403446,-0.5569303416434541,0.7349280471279347,-0.48944779952651524,-1.3973236728271134,-0.1451850926575782,-1.4883536252187715,-0.39118108496274717,-0.37031293599913606,-1.1889463762991614,0.5001869642867499,0.515200452928964,0.6950727512479062,-0.07135898251049332,-0.7081081369297703,1.9999831640305537,-0.751377486675272,-0.17180584699707055,1.3823645635427377,0.26642993146371247,-1.578224900836561,1.873505678066677,-0.8200367707545388,0.2413180522562417,-1.2390317528117865,0.5947031715378639,1.23242859468886,0.7733527038372452,1.0264768097538386,-0.10670213018712621,-1.408756385823256,0.31897825088168535,0.12135046543051134,2.1477158828330674,-0.33738499307661113,1.1570380200037078,0.04539344772551569,1.1160484465281522,-0.7156361611234145,0.651947792004776,-0.4164758007984628,1.1694673211594993,-1.2804071020571406,-0.15658455157429924,-1.517256712375318,-0.8274300503292464,-0.8600454802563011,0.6219076931864599,0.4277589093396888,-0.00615526403651402,-1.7188834714990566,0.1991282151676115,1.5238207371772101,-0.40113673269564726,-0.41267576282110724,-1.2723154924685967,0.2644747501394626,1.3219709460482263,0.2533659769451578,1.0323262340299024,0.2992207752046577,0.913739443155808,-0.7887868391787828,-1.8699094927982804,-0.4415969720697237,-0.24896863081353143,-0.8685293997132539,-0.25330442205109277,-0.8465656809894535,0.06253227255635645,-0.4051940380883492,0.03708453332359289,0.6551638763505435,0.21758877281406128,0.7933039941891908,0.4437390644647388,-1.5742239219460916,0.8392306835003511,1.9392806793304,-0.4375040715416847,-1.4526301115513125,-0.5438570471851465,-0.4178481606544072,-0.006092827511734443,-0.07078249770709691,-0.8845846756641362,0.38857826858231176,0.33342095109147735,-0.4047344683512571,0.7074196301668456,-0.183832921595735,-1.5456148324756929,0.6680391119433431,0.49426160411656034,-0.3367546938892176,0.46197642264789596,-1.193700549114104,-0.3793447908516628,-1.8126741427580495,-0.5182825536660858,-1.1745232512237767,0.4226684063052089,-0.10730915114548881,-0.23354723427716143,-0.244701896196998,0.4615187483442833,-1.2954194928141238,-0.667250822753908,-0.4014586776584288,-0.06809675429392918,0.5210480571515244,0.028858548035156632,0.33105612422803865,-0.3381964043521234,-2.1872468845459214,-0.05549969654925155,-0.049520608672079545,1.284911491170197,1.0418424856217425,-0.05720285231158226,2.3960213679362807,0.8785980939956535,-0.03360834703297253,-0.7902950772023886,1.1400941336239705,-0.3402077424078817,-1.0118600196080942,-0.05554284769273676,-1.4723013471013522,-1.9190267092284685,1.8313083504230876,0.47059002262165267,-2.3388796829484226,2.1473369846268064,-1.256326134468538,-0.6575112614520139,-1.1073280371396002,0.8894248610070618,-0.27551556264922933,0.5455377742411442,-1.5622135426022854,-0.8057888370432605,-0.22870387980927842,0.9215015226131136,0.6246286760143288,0.31205322663897067,-0.136263530976989,1.4731211523246381,0.11178798109288567,-0.47210515580851875,-0.08851770412737738,-0.7403570476342987,0.364736517888512,-1.9042505942212784,0.3843290917415033,0.38581653554873724,-0.4965221936842592,-0.8792582694478072,-2.157784374383425,1.211244086761965,1.879755546888571,1.209868359619453,1.3408368291582056,-0.3001219253719542,1.3629739962048666,-2.090892066313976,1.2132421543019325,-1.9875904483294544,0.7069462765464865,-1.4645326103622707,0.7311341610373618,-0.916682413667285,0.9258477312112798,0.8758797269525401,-0.4950231458387149,0.43001474068843387,0.05028196862179423,-1.1825861715896575,-0.12569936510380453,1.5686782664325574,-0.7585668798508796,-0.052562802287207375,-1.093162406090907,-0.9052719635379269,0.13216554163730906,-0.7850699991095323,-0.2741639324827788,1.0471803349742037,-0.7620041354677598,-2.7746817148855096,-0.0034876105074652104,-0.1387123601469181,-0.9079920270241616,-0.14064216312207461,-0.3453319814352723,1.2738855587775686,-1.0539861238401451,0.3361415551551868,0.9589705703681063,0.6097631827747345,-0.011102436658136266,-0.7960979341719981,0.0003960952266486164,0.11315499847608651,0.0061413728532845185,-1.4901150659016287,0.29416430473027966,1.362710792856712,2.514233184273713,-2.2653288432026932,1.0942616445363909,-0.038704650355488535,-0.7201350468677404,-0.5017548717266006,0.3215005435667613,0.8261472038800026,-1.6315039305766073,0.7258886465631548,1.2233114408909862
0.06447846584876334,-1.000604404818293,-1.8783824748950917,-2.4993861681091163,-0.39290143539524264,-1.3958874621203319,-2.557297590839896,2.594416984199629,-1.179080064769053,0.8139657372047617,0.9110223061279458,-2.511447943004106,-0.40695301024893343,-1.6684521075267693,-0.3340816112880615,0.625998977279611,-1.4034037519408717,0.2473661370520394,0.1739645688973241,-0.9329879456220285,-0.09183809656751055,0.7363171924344587,0.6144224284222103,-0.4059461134559221,0.35611703143914186,-0.33377029693187016,0.8491902511332181,0.3760476254804999,1.0031108571903686,0.6328653629156029,0.5784359730171805,-1.4169577765272001,-0.24947474174868944,0.8858075656202424,0.3844405474336939,0.8820832506807622,-1.9071135259854557,1.0588785210899256,-0.8379013847339201,1.44290202375692,-0.12513785162960694,0.7992274594003566,0.6205112938120905,0.17479824500819918,0.7857088408875874,2.642303364190281,1.3820745221064394,-0.521357183406025,-0.860169444273289,-0.059395576481065346,-0.9721887791486926,1.8956007210866108,-1.6935170932557548,0.665040743750856,1.0566261399235723,0.4988190480990623,-0.002049132433977273,0.47514963938619953,-0.7201006249097939,0.9430108429400398,-0.16433965979160878,-0.4022038563775859,-1.1851109915356233,-0.4868991924391651,0.6974886924970286,1.1015915385754431,1.9297810356539573,0.6920846843823855,-0.33591876800800546,0.24123961519033837,0.2942066130102753,-0.42262883307410565,-1.814130975666664,0.030778270396931824,0.33529308170851535,0.0960215459770335,-0.15914267331285084,0.13951794659291783,0.43222394850339646,0.12986660944325137,0.81468529623226,-1.6614089554493636,-0.005516134588182685,0.23072994086691398,0.3689652857882899,-0.04213579842004456,1.5665726333126404,1.2342305387278134,-0.17052826630726967,1.2610310117897763,-0.21114193337062523,-0.17208701039798388,-1.3821209921892723,-0.35362576226823816,-1.578618445938592,0.18941607074935032,-0.8045845446722919,0.2628946751895463,0.9384921563491007,-0.9365070055556675,-1.7474265120026196,0.6277964266515333,0.7394567431977415,-0.32339390929365747,0.058768812218155844,-0.65339690778144,-0.8150850070363534,0.38649245019786244,-0.36761464285917944,0.9910009160694,1.9521957585981977,0.15093394761870418,0.7240109386558146,-0.2943423913064502,1.138906568481825,0.34520092716166445,-1.3174315391012863,-0.032011499918355675,1.2215876664980785,-0.0923463410696501,0.46179415566029375,-0.9340034262897463,-1.0306900528845404,-0.49660181944566584,-1.0159751795422418,-0.946217112151439,0.27693166644473366,-1.490256289463536,0.9104174545153912,-0.7651226296824318,1.1023355114714455,1.634399648705571,-0.966838299131001,-0.33963432620762923,-0.7190952323781856,0.14492629370823187,0.47431059373961526,-0.880739569580476,1.0960654264468406,-1.4286493038107644,0.8474398910296703,-1.3967162581503003,-1.389333593786411,-0.42871717027807565,-0.6009488690525513,-0.2136874842166408,2.1513740037002096,-0.4371091477299715,2.6725006426141507,0.5874057690982346,-0.9500838456052335,-0.36282391444619083,-0.3829892820130612,0.6781452798871035,0.8840308028298979,-0.2825452325832467,0.9555045263700168,0.09848118187454562,-0.8187308074855663,-0.040844339999247754,-0.5120705744153056,0.47369179408461304,0.7904066137987216,1.2603159695579806,0.7833486078168467,0.268273472144055,-0.020056649888708422,-0.791535000390405,0.7950402970376761,0.23131125629618174,-0.19957097506932375,0.32093430471220113,-1.7400701692438765,-0.8868440562626317,-1.742342718420791,0.6615599056864706,-0.18566084861738963,-2.2501448147825225,-0.43206891223207544,-1.21428399605576,1.2375923840509668,-1.125344465001018,0.539259808859789,0.1828351067540412,0.6802794218296925,-1.3293721225290172,0.8585911501132132,0.6811713512370888,-0.8284115019773791,0.2655835071148439,1.068494834193255,-0.041024429963088284,0.3728467297765641,0.2908943056776809,-1.3387350049373477,2.8171613665529676,0.01008343703574347,1.5080041621479459,0.5573980333539239,1.178387738843931,-0.664539275084786,-1.8825819616933543,0.395113767018919,-1.453499911857123,-1.4259080709826042,-1.790407564072532,0.3221695119816109,1.4367387874059203,-1.5830173237582648,1.0023060880201424,0.8430477955293189,0.4147999302213827,-0.9501124012773988,-0.5539896881483877,0.5082098825372131,-1.030556960980771,0.6937369063314858,0.05079794767824301,-1.0249370353951488,0.0944482584032972,0.26020144428962727,-1.797163843981336,-0.5847641804784964,-0.4515997375293673,-0.6163861560675853,-0.6958468917864779,-2.087793538309698,1.365267070426216,-0.04077761888539441,-0.030819212999407077,0.593183169254261,-1.248663401029118,0.9579045907987525,-0.19719658426162118,0.43959084976143814,-0.13534947678391904,-0.5864595075623801,0.705711589448978,0.027369380505345133,0.41994739340735465,0.6128145548569749,0.9873175458465133,1.635857300235184,2.1824780006032527,3.438167813886487,0.8708714093914411,0.9115604772676993,-0.5761438693125286,0.7818340854777893,1.5571010190407948,1.107913274837801,0.07864665873189595,-0.2237182988027219,-2.8724781840133407,-1.2386059539864047,-0.8515305737398159,-1.202337299540029,0.9718742780638492,0.05893049306691851,-1.7016271524288318,-0.011582963749068502,-2.381771599524482,-1.5361621038087987,-0.8125426251832583,-1.157661054508739,0.8653712846370879,-0.26252068304794846,-0.45047714206522776,-0.3382057992541976,0.2833246458590403,-1.2958342121708342,-0.9216011263369566,-1.4305398653922772,-1.4552933130146364,-0.29915143420616747,-0.6583417601129938,0.34091885502715696,-0.30450737969972613,1.4233017392460248,1.1213365632206118,0.6490316153024542,-2.837374865361714,1.1777737383008777,-2.2440620139699,1.0559441563959389,-0.16633798430422828,0.1569003630152375,1.9487962816834687,-1.1206413088433413,-0.030210670435032925,-0.6761371678455452,-1.536922108093138,0.2949428017658229,-0.7014099263709437,0.9870057791049555,-1.5994653771804221,-0.11091528113151508,1.2939813585633444,0.7469079521822461,-0.42838834096693074,0.1466065767379512,-0.33228057372268915,-0.2782472886250655,0.5471355870297127,0.5170947961280112,1.1139212030396788,1.1650283356053515,-0.1526457172065797,0.06920153580707235,-0.9056055899396723,-0.8287703780746709,1.456501812289333,0.38489921272177346,0.33297232744580885,-0.5361519047409468,0.5104887242011411,-0.2964867629038412,0.5392896977926014,-0.833832261372339,0.7907496045620287,-0.7955601328640893,-0.005515645990397283,0.9830022870956925,1.7725116171907178,-0.42510144351242174,0.41363035410008875,0.7976350153572715,0.5340798676346493,-1.7277236196145023,-0.26343807767610056,-0.24667859658902172,-1.3565452732559746,-0.427598091376469,-2.006014286498955,-0.05924335793291153,0.7209982777833364,0.5996390126723442,0.7010323706871866,0.3219555571842333,-0.8008371675529593,0.1491245176582366,-0.40457021281541616,0.38154392267080767,-0.7311304037464443,-0.05611895760192833,-0.48872640383694843,-0.3593578741328452,-1.4901766396019067,0.12485919941792695,-1.4904169521217208,-1.1051474179984966,-0.6386282598331667,0.29334408796783734,1.886921041903652,-0.5431580762936645,-0.22029523675853357,-0.1843142225603123,-0.7261083906899445,0.5704979858385988,1.729474418610576,-0.17266147165880927,1.026347122186006,0.1875421065654063,-0.09860214620737304,-0.9493482617892818,-0.7802027560077791,0.26108937783068936,-1.7482988786331057,-0.08940968420169745,0.6745379283725743,1.6625534212010504,0.9101323685170325,0.1835208313190204,0.30280700074596056,-1.4694832330467134,0.2710103976788775,-0.5506771560010272,0.2593157400071637,0.5056135763131471,0.6880298993875354,-0.21695488789709633,0.307074768924805,-0.37163514347064286,0.34641622399885164,-0.08133767389682948,-1.8204033844898708,-0.6224132433454296,-0.7507810220314806,0.689358108190816,0.104247736902485,1.677199497718429,0.8194263178519374,-0.18838792916187205,1.072861814738008,-0.02759201147712839,0.5528880437756024,-0.16676427441034994,-0.6302402253289386,0.16082094900143487,0.37401312592803676,0.5755708144394449,1.0149884377566811,0.5263923620902865,0.34317146168273993,0.21764316810935788,-0.6430258572285563,0.916888294686359,0.976698468065756,-0.1823193426496464,-1.3134686007961094,0.4609554449849704,-0.3594473228766878,-0.7590471193170518,0.7855906596005763,0.49028231766672825,-1.2476783019211082,0.9509131703539995,0.6593313708596665,-0.11918794964624777,-1.1722757011112805,-1.4297415180487596,-0.36667363192444613,-0.14273394416783505,0.31585984933042466,-0.9422649219957623,0.05282584489110164,1.525379503697029,0.3321355517311904,-0.5330983290942668,-0.7041536896132127,-2.0225021896048587,1.14901505558076,0.49838873906205766,-1.113277851145832,-0.37955502819303166,-0.28622134938863436,-2.3003693354619705,-0.19065155988121457,1.6156942173878412,-0.3034411777752935,-0.8739870712054176,-0.8441255179731442,-0.25868081032835444,-0.14671578131659474,1.9191680745623128,-0.05354671411091823,-0.6820361398591281,1.2985080719482027,0.6228503344025395,1.839195759429361,-0.6472712177190292,0.29963925644966194,0.6740069717073979,1.793649163979714,2.1305367470340713,0.7350226271923864,0.7185839311063427,-1.3469418473833061,-0.24500873219182825,-1.0475730140095976,0.6779803267298337,0.732252664486888,-0.7343378782917721,-0.4448350945387177,0.7420155298316451,2.1342005730898346,0.8319876849958803,-1.3923742908334644,-0.9905517362010745,-0.987108267078063,1.8158959637289152,1.042687157414045,-1.4454149714982203,2.389822756857267,-0.7919896933363731,1.0536884417514434,0.023199935317052483,-0.5883549706118136,0.8511421189948623,0.2525579070340182,-1.5189545803949247,1.300582053801385,2.314372086648313,2.2395863607595032,0.24232193494070584,-0.9669724045928164,-1.2629666122931549,-1.7050983520966954,1.0009803066132663,-0.30160834598036446,-0.4947819565088584,1.4988320624658538,0.0733744001860054,-0.2303528591100651,0.6728843583873307,-0.22813030540088014,-1.6236511521493437,0.7984463374330757,-0.3401224311075181,-1.1261697362786307,0.1301435435622259,-0.6360900360062575,0.15288036168707747,1.7420619277498233,0.745596223091008,1.0234524350525396,-1.998666467194297,1.5321550700759834,0.8487663884280878,1.9265055006561975,-1.4002388365616483,0.4555311527929151,1.3922265434623626,-1.3274840084792214,-0.14326978794007447,-1.097150932337697,-1.0555974982722507,-0.03382747495492375,-0.5557883694551567,-0.46938430753035737,-0.4599086418066066,-0.35065246894577773,-0.4048889074137132,-0.32291817769772435,-1.0108679637115405,-0.8970414391713794,0.46530310218760446,-0.935101711961807,-0.2550693467193803,-0.3108564692195246,0.21613274111489933,0.8366272217531613,0.3076001442317194,-0.28127222232860777,0.5191602999602737,0.22867649761781644,2.1773256101337983,-1.4103311622632637,-0.7484681802974157,-1.650691154643726,1.6762049412225737,1.2266133446170646,-0.512231568218869,0.9823363977979828,0.05263432565773334,1.3638508440593602,-0.7550003178154314,-0.4530545227380299,-0.13616899004285862,0.18050840090666123,-0.022766136004460036,-0.23572870697072704,0.4904475175857488,-1.8702567352616235,0.7947912117335867,-1.525738577396198,0.8019052619643112,1.187168608286977,0.8383086501877712,-1.2131883714118943,-0.3778378038189099,-0.8845128903343042,0.33433410232106026,-0.3322330379260136,1.3007090445763936,-1.1453632111507641,-0.9213462772720569,1.8912459639044494,1.04617338883165,1.1604043918425542,0.8901803482272314,-0.019720952405116073,-0.17144655968806538,-0.18429160657363164,0.5760373704082713,1.3123687706755167,-2.5122629429023537,-0.40880912701004396,1.361390741345268,0.4974539956605884,-1.2469282843802374,-1.1756969387312781,0.33400726061076624,1.84052626279911,1.1895190104685296,0.08406913098470171,0.23987431582312868,-0.9196896100334783,0.1423215213470808,-0.17546602155704843,-1.4807792621436844,0.7052586856390572,1.2334646082045817,-0.07151770068284141,0.49630042846326167,-1.3637904570977548,-1.377553643112259,0.8157111435596504,0.3368303137043095,-0.7825792521743918,0.025596067770589502,-1.256985073231626,0.9863632551031125,1.0910741880296215,-0.39593863529635437,1.1506056314629087,-0.3551467468316133,1.4941769631170083,0.525721119495256,-0.06324587019442147,-0.09986750216676,-1.024080928856997,-0.1376620099201203,0.95648972919142,0.3133401876426941,1.320686104975093,-0.7414137906452455,0.8945395336800898,-0.004158644876824793,-1.6684785282374217,-1.1858430438655438,-0.8633681663790942,0.5272602184313268,-0.8180167011784187,-0.21965352578065614,0.4855692740662207,0.293419040265616,0.41443657810607865,-1.054166898999643,-0.02329605113690282,1.686231614367198,-1.775407742662811,-0.18605500859641003,-0.5406078241825986,1.2859708902050304,-0.7101833960270842,0.3442814274166807,-0.47901731538261666,-0.5737927370688797,-1.4175088968763578,-1.4051109287115855,1.0988230698040513,0.30708200366113964,1.4270733044590183,-1.0707266071776942,0.20034417955978498,1.2319075989366444,0.3423195747316717,0.23510838766567277,-0.6958183774782938,-0.8167662941694345,-1.6041397344091242,-0.5962916718375518,-0.7841953312483295,-0.8114377611140124,-1.0756735019350523,0.35004950873927526,-0.9915814200659834,-0.10475016663967462,-1.2757651523802296,0.8651733674384192,1.9144225211475816,1.3261846463185456,-0.6811505370897631,0.5009185566172627,-1.014024584452912,0.5983779910644399,0.17382614412949143,-0.30694759575499375,-1.3767740064965834,1.8638929807428868,1.1936418303671372,0.8368095285946411,-0.9556733813594394,-0.8094930086052337,0.06458781830202939,1.7024684134713695,-0.43420103740815474,0.6690375132977061,2.3078166054126283,0.16551073355449103,0.24510492678734053,-1.0020899131661136,-0.26954319670081955,1.6581794082651031,-0.744450772051218,-0.1912632168130792,-2.2210409347713282,-0.013147854135568942,1.991160453459942,-0.1403176341395452,-0.8619470276421793,0.9467095572688881,-2.0907720169792747,0.36584455347900685,-0.3864006908992829,-0.8705877826444298,1.325771329028927,-1.2821208955442278,-1.1282632105910937,1.3453984860556976,-0.9080115796845546,-0.7487873550585501,1.1227533507005851,0.8395641846650345,1.7657383244699585,1.9387645745526494,-0.3353119929628274,-0.18138427499693652,0.8043094588884037,0.24947282461704104,-0.11706983738913414,-0.4255814960783836,-1.8497510285253624,0.033195070587719144,-0.958939084470179,0.001598523163600775,0.20092965346997632,-0.8874405637412698,-1.7094179929351583,-0.4137664238348693,0.5508523804102199,0.19482925245838273,1.6417358647741633,1.3468125501351638,0.20285792243392797,1.5650049454434867,0.7627020999166003,0.6630613128722449,0.29446621541490414,1.0537747184352786,1.5083075725484558,-0.39011727849013006,-1.5235730096457056,-0.36393496587349833,1.15539599924876,-0.2532080326950385,1.3866065994135417,-0.6734513596056505,-0.03421416172812863,1.578938389847786,0.054954053908411765,-0.13059248031909956,-0.4993548229366887,-1.6711466769679637,-0.5636366627039641,-0.4744826232260344,0.19593808176225386,0.3998438106740708,-0.9372114626402067,0.8256124169098934,0.6698829708850216,1.1683377548930949,-0.016166313482149093,-0.03974897240253677,0.40946509859364977,0.8637727458593606,2.4731745322307743,0.019000128205598484,-1.5078189380626332,0.3286351746806444,0.6452968788953575,0.06107150980001621,-0.48033299695789733,-0.2992008005841502,0.7985118926161503,-0.4198200719866395,1.7715613121625293,0.9375737280710978,-0.8373966651632648,-0.09405673972522417,1.1895628392321456,1.6892249581770753,0.9372351350472813,-1.009651109649612,-0.1963464426979622,-0.25719124562244355,0.446253570774125,0.5923164089414698,-0.07026987879870207,0.6024943788167942,-0.08561076551565594,-0.7081934915064472,0.9218775224150457,1.4991988108016507,-2.090722302865239,-1.287510290817015,0.002419647339973887,-0.04757175123431153,-1.142342816005832,-0.6248789952904015,0.7512358483556092,1.3791804294422614,0.5495686930126819,1.3508577800983195,-1.2975206697307002,2.0892796166589753,-1.3242430584003337,-0.07272261763999444,1.3031154357480412,0.8275496500126048,-1.7160088932194486,1.5685827956390206,-0.2478466590810497,-0.029900147493353416,-0.06371447560387046,1.3128309647108283,0.5478250610848374,0.3282957580032062,-1.0030907701259957,0.8190500067498903,-0.7282941073349661,-0.25705157671932877,0.40304969930409695,0.08110979973077738,0.8119806479534328,-0.15130466377432683,-0.1453952823381877,0.8429472897148006,0.2221096486642126,-0.29627568414247873,-0.1088646234292603,2.8411706818985487,-1.1047902234389757,-0.2797921939991315,-0.8978557356481702,-0.7715550225220414,-0.4876625966457584,0.7103984697332806,0.45417901636220115,0.743245928346874,-1.1308477416596707,1.1612851746255188,2.220158042636543,-0.1651309389011824,-0.1746698090192307,0.5876893528658538,0.1391983583535361,1.5607447523544227,0.6197053515724625,-0.10551829100530662,-0.011333924208196271,-0.36540897089694646,0.10655556218671611,-0.9427020550913459,-0.10451891933625523,1.0130315562687302,-0.359074310647633,0.5397254283472593,-0.11209021060713804,-1.009858741026625,-0.009742298607256178,0.7210401817286964,0.8272580703588273,-0.20115373053318075,-0.2989822114428719,-0.5097241534653313,-0.4345676655120107,0.4088343222139785,1.0647768164226579,0.2702334333648831,-1.832470287383858,1.022072062722671,-0.6987934500468235,-0.32553893857564803,0.13448757890586496,1.8122447018430148,-0.35090317826675144,-0.5193996800449228,0.47340811473335453,-0.30236374247560843,0.6204360648227444,-0.5443251369584989,0.17111674139745328,1.4869273284496891,-0.5012048997995995,-1.5623986553247562,-0.6489755417785216,-0.1473539341762273,-2.443065485443918,1.3821569501190627,-0.8972548112754357,-0.3128398992845267,-0.5379354674584043,-1.494373064125609,0.12251310752204995,-0.8551446204659489,-1.5934229719509392,1.3194529077020685,-1.551844128264965,-1.3641441012445286,-0.25232870585420586,-0.502919920856089,1.0196782009258079,-1.0829088413337513,0.5525407065465429,0.17986666655196004,0.3180561221036504,-0.2188605306635159,0.9718125293922429,0.9669360684837274,0.17161254072788418,0.0879545058615021,-1.3135150864976342,1.1984561885669691,1.7273294921831261,-0.7700777010124917,-0.5063620620317779,-2.2622948096888544,-0.3599872825528397,-0.0002594072236337002,-0.8802621717501762,0.4079258184173635,-1.907484873325523,1.4672564375478114,0.7172825177916977,-0.3360069853071812,-0.5887807678214209,-0.013003080567857761,0.5673509755006749,-1.5498181195425007,0.8504991906562973,1.7528755758801369,0.40998667477951645,0.5603952899686713,-0.9642887088178764,-0.7018377227558652,0.26744095367925314,0.9440638959104882,0.627035488699721,-1.071134850932156,-1.5536846827868143,-0.7395984279346527,-0.47678142715520144,-1.937691782823286,-0.43212739471183725,-0.42724602101603315,-1.1077640462805716,-0.39094782860122224,-0.21622989801103967,-0.02762385643819535,0.9698842856211085,-3.3046373687073727,0.42461142624535925,-0.6791092110483914,-0.6821649942792789,1.8453348957679674,1.0677398614128997,-1.7445927610331775,-0.9559192837793382,-0.36133129623519905,-0.8492316073982882,1.0896999745697906,0.33439497229615023,0.5796410690087664,-0.057147512805641905,0.5196419289468217,-0.31114458943717455,-1.510831842050466,0.39519549860484515,0.44136004104689097,-0.5788507880439665,-0.23410563773190204,-1.2972873220698375,0.15012384983157312,0.7897654410429789,-0.12971460211398322,-0.2882945033934546,0.3392527540666808,0.13135825054136177,-3.2266161704174396,0.5729967363195455,0.6038532667521059,-0.9192335248648618,-1.4601005919036745,1.6892056139767833,-0.2429991169655445,0.686808059087371,0.5501052571613746,0.8237286013673896,1.0125150704584638,-1.1816324230675495,0.883767733509125,0.47597721469637444,0.5541866890949021,0.733321134913876,-0.8295608137567041,1.3335350209906558,-1.4841660806857433,0.428086022179462,-0.6682768520295489,1.5484714845600738,-0.04560507279788227,-0.8074920374400071,-0.5001918459272452,-0.7156755330700149,0.1543616350733323,-1.2983860671476166,1.4450297694003498,0.8253916650167343
0.3020346368136043,0.6247242965591239,-0.38175809552454587,-1.1411011114320102,-0.9110578698288738,-0.30901859538539883,-2.3316550015665323,0.5701830920078768,-1.3767363946092632,0.5782664385464401,-0.3655053942538087,-0.17330199747159766,-1.3804618564297324,-0.8015163820511741,0.33836903776166305,-0.9190685773559617,0.5291536256996117,-0.8327612850640446,1.6328440147594512,0.07739402110355457,0.2639315215081467,0.5944140666500319,-0.9603410006480986,-1.3922213444104659,0.5258700071269836,0.4704944075605636,-0.5991042128633809,1.513177233288056,0.6803086499410613,1.7232464380248815,-0.5697042129083565,0.03276841913661581,1.124128149812174,-0.278592290870389,0.8210234455856914,0.24041626291270007,-0.8690567581192347,0.2913095907957196,-0.9758288864799982,1.8435678901520176,-0.21856228273081707,-2.0898171891771242,-0.1491670317440878,0.23003214877328496,1.3286811045040554,1.8306034796444364,-0.4271216810947044,-0.3282909237273005,-0.3225372650305238,-0.3971100670703607,-1.4805816435765018,0.3722932616037474,-0.366210574868282,0.09856823352264572,-0.12574787796488648,-0.016957267928893547,-1.043993639447278,0.46859557283083114,0.3094113565432904,0.4169550348835902,0.280642607132725,-0.4605599269328859,-1.3630200848135692,-0.6554509311829249,1.0526650081681657,-0.3757029559013133,-0.6553877335377252,1.908923969785809,-0.5259430878976806,-0.23912643000748154,0.17045125819202578,-0.7293035355079478,-1.247474942875906,1.3556783315238463,-0.5659926763749141,-0.856140548042384,-0.32412044366406484,-0.3414341129213109,1.8866376594820358,0.16626430215849392,0.6147659408732097,-1.7932203870570305,-1.1069575131086036,-1.0689892009469442,-1.5044818578062522,1.291299200367651,1.9901131982924092,0.48405791164738143,-1.1860064811298763,0.7968498967515244,0.36841458228929247,-1.2531219044173134,-0.4854525486265931,0.6040247367919751,-0.5412654268282268,0.219192664638742,-1.2732715211862449,0.5482576804090579,0.3811158961284109,-0.38777985056878894,-1.0637722499818756,-0.41902158202648565,1.4294029725742208,-1.5093324414891587,0.21737526619661537,0.6592162327142701,1.3311121330722264,-0.7060245161362723,0.528391834303256,0.7182418429382067,0.8406254995854712,0.29215863147100896,-0.3440037403908889,1.7812854301859042,1.4707099052573964,-0.38764405012055536,-2.1355522892917675,-0.3767596645880028,0.6314268854102398,-1.4477706974263924,0.64683510204184,-0.43906531902499524,-0.9465559281145095,-1.9154337990758292,-0.7053790891123162,-1.2907768724548154,-0.4226798714748615,1.2273481370358768,1.041592190735161,-1.2600181561362587,-0.5584961436423435,0.4239646539913318,-1.2029089141912146,0.9758693769677077,0.5366649740549307,0.48193632998959346,0.1183005775620795,-0.6182869850490527,0.9415126965502347,-1.05716919390764,1.6063461057351678,0.5265211281088676,0.5740677444698435,-1.245759641475333,-0.4982350119879566,0.18700840406135574,1.0627574900427055,0.08639955662023999,0.6591012818518117,0.40844247304350306,-0.4614621181261491,0.35646875746501094,-1.23648705107572,-0.35105259484854934,1.133095396479659,-0.6021922155863697,-0.15231944449059984,0.3874987441897976,-0.9671123035565254,0.7017602745902047,-0.1544513890275033,0.6745612589003315,-0.29914577151967364,0.6144281578934816,0.3041970978026073,-0.3968743797999781,-0.09701361783453602,-0.2762766474838985,-1.3044454990775245,-0.6507973681077084,-0.7470212989470055,-0.28511169021178295,-0.996334956736077,-0.12646650376120327,-2.4098914192264975,1.2586161415166834,0.11151496058582237,-2.4847513518109734,-0.733098849286077,0.5795231046851561,0.447752573890023,-0.8559640086665333,1.1297163272419941,-1.07232412434718,-0.4442866038960301,-0.2345031670428427,1.8722495613641617,1.6691752620554483,-1.9093565374224086,0.5968060057997108,0.399479213519261,0.25342572048305695,0.15495032970109415,-0.23241524392727148,-0.9757968095824529,3.117733083954702,-0.09319399413554827,-0.002517185334363943,1.1712951098638256,-0.8438253943360934,0.08710017716136388,-3.0625775650718556,0.39901941376061195,-0.2945044532802244,-0.6319462627150055,-1.8163969069677135,0.7867513231560773,-0.1924207936138174,-0.09208212343894154,0.6018915571775499,1.9202109659471678,1.0178364995708415,-0.013100217615779503,-0.8236233710115393,0.5640274936731656,-1.0077828128110764,1.229520019226165,0.1808424264817259,-0.4647391590503012,-1.240892107751121,-0.26214998373596426,-0.5157124313040136,-1.3151934470007396,-0.003350265993251737,-1.8197734714287257,-0.2456987641515188,-0.9700322148381332,1.1963851801711223,0.33152779303759455,-0.45387958169536774,-0.08556872207425416,-0.14014945737836945,-0.2769103929611397,-0.6736957042731045,1.0996094646346164,0.32990630512120717,-1.923323107227851,0.5274678999065996,-0.19375975636167195,0.22170257710329397,-1.1422871404702826,-0.5243375681301988,1.5050797923106178,0.9356253274890388,2.4739811803154,0.33899518566428644,0.5799002546779672,-0.6170396337743248,0.1892439213107225,-0.20682640937734706,0.9603900628950387,0.5993370353970235,-1.8344081565087935,-2.657898877759165,-2.270974699172317,-1.2380392046260063,-1.8676360304335333,0.10200951633359284,0.8150125412774368,-0.6345112463715781,0.3220386276954564,-1.7908187976830683,-2.02297138472588,-1.2458834697363173,0.3896890572382812,0.18113615073060846,0.27794616379854187,-0.19474004894021396,0.19962461273543056,0.6373785562982781,-0.566014791431224,-1.9945294679329868,0.7915534676125953,-1.5174713220659597,0.05784639156432852,-1.7187805382976913,0.2548476364461062,-0.24566762469236975,0.6472450373974233,0.34209918931256184,0.6433061209887303,-0.6714946127111028,-0.8575875363860935,-1.959840091202008,1.5111035236274073,0.04348117347035302,1.144043267956498,1.211280729018472,-0.9120854818686538,1.5197689934588312,-1.4605827263506586,-0.5940671671476279,1.480668663723489,-0.6955001966313922,-0.13379321437781916,-1.0859669858702892,-0.827471325686033,1.6001262453947236,-0.3819909554753196,0.27712875048546365,0.7781886329434339,-0.1599783888441562,0.15432393000709937,-1.0053632134049495,-1.2145079790483415,1.4714517248894978,0.9821257253602721,1.1093044837048591,-0.15041093685124132,-2.045059053778769,-0.08991789583423962,2.196845080718952,0.762138873990063,0.3496974758301706,-1.3588618980867937,0.2953613715838725,0.019970280447637802,-0.7433094998955501,-0.862782799484845,1.6264014047391318,1.0711064232562257,0.6570080079205918,0.6573718046949969,1.3694867683376688,0.3382153650056437,2.57678350381637,1.4685476432029874,0.7210834349628072,-1.2866174057427164,-0.17484827926582158,1.0010933188040745,0.3563143906035812,-1.1971866103671434,-2.303703658674391,0.021459772562867598,0.8042560713105744,0.17913407684413973,-0.16488011889140453,-1.116073644825811,-1.0457910288735404,0.7183384332474095,-0.6303668507052834,0.39945391294414,1.1430205816324448,-0.34555890407345036,0.2169162461981501,-0.13432394159889513,-0.9644420546451682,0.3823719452057889,-1.0043882507804769,0.061467009480261035,-0.6602819284408776,0.7263946012007678,0.04044240500538129,-0.26205286872017625,1.3625125964969491,-0.7375500515865129,-1.1855426215056146,2.4044589208282514,0.7073881291967171,-0.6409129669338847,-0.37127654155850254,1.087028065274014,-0.38506406982991326,-1.288266667705121,-1.5213979792124301,-0.77199003860199,-0.8142567270607376,-0.5366971130663738,0.6573704033146434,-0.01681318925668582,-0.530218706007044,-1.032934948890922,0.5580299728823656,-0.8036748666266343,1.0132692866326014,0.7223820058055209,-0.6030846953111826,0.41837374630871876,1.654142654597915,0.6229295707819514,-0.2176623894243441,-0.6290798801887425,-0.6426978917463035,1.3807493212083597,0.2201128045035189,1.2905116705226505,-0.42006594967132355,0.34913363385472995,1.2355512418646366,1.9873126351086285,0.21140482234271515,-1.2151342708441653,0.21762264486232435,0.9446833791441225,0.35301741531504477,-0.10727287760923107,-0.6789460533870652,-1.4086513034924149,0.3393218354787731,0.8611234955296151,0.4917976157027345,0.8829614552122416,-1.0693540566477593,0.2637618258075813,-0.6733805811367758,0.873104909764687,2.242391099951405,-0.08656691932081471,0.24302383122739127,0.843368605570307,2.2282594025117914,-0.8389504744126867,-0.1450231481589408,0.04513623668654731,-1.348969988685995,0.9183123189410889,-1.3148786675125237,0.36998483960671713,0.009909239500883935,-0.9875692326871179,0.37163862240915024,-0.4415685968392435,1.4140969046523273,-0.7133233812148972,0.9639600697594566,0.49577719657587016,0.9159343225143455,-0.8597057289934572,0.3292233113352368,-1.2168045539736774,-0.15213328276906957,0.8716698097900845,-0.05453438137829165,-0.6222236359972055,0.26110739095908275,-1.2546841374250073,-0.7463440376374846,1.294192137757413,-0.560477847907412,0.6563834638161591,-0.03360793928086404,0.6063467419935171,-0.19786818640123635,0.8364949240755125,0.5622985634413483,-0.2535771508633724,1.0282765560910998,-1.098939005115385,1.1120313251453022,-0.36391028366150446,-0.8628702124323017,1.2439705226174447,0.4002579265976471,2.0294999627112773,0.7118170274415487,-0.4316804786594952,-1.5169751824865765,-1.4445392274619715,-1.224279403926925,1.4119545161965674,0.027618246209230098,0.46155943999178767,-0.6540294723547954,-0.27694883976988954,1.428025147248147,0.0813504970709318,-0.7619668315354489,0.25764341903478066,-1.486286386342166,0.28692711164587603,0.19034459090698602,-0.7112394377885737,0.9870214972769964,0.405980791854924,0.46791089860451696,-0.31079875616219005,-0.2305906599748536,1.2218851755070768,-0.3354902875020824,0.49475962904715426,0.7032212563544178,0.3828284298729645,-1.129279247958201,-0.14461296204306393,-0.36787083422801065,0.42373112075338054,0.8610522502263709,-0.3365411850095363,0.4808995356023826,-0.12640485274523283,1.3285261403615851,0.036491556433463954,0.41289949471643744,-0.051313674693415384,0.08906583378065792,-1.3385389666526117,1.0130256331073886,0.8991505712218077,-0.5976311762811627,0.38280993338264474,0.13558449781208065,-0.8330607152016978,-0.17238727185978514,0.8210035100442187,0.5078854047206294,-2.484692168274449,1.1648274540251735,-0.10512800335447327,1.7801259230588162,-0.4166415366344017,1.183115609699885,0.6575348635163969,-2.2260143522913927,-0.6001392701927301,-1.0417633312456325,-2.4738380197612737,-0.9546795577172569,-0.19275468487744227,-0.6136269345490337,-0.7729061210181645,-1.8309893745652623,0.4657484400575367,1.3182445995996006,-2.4577289727577973,0.9137486781593669,-0.17120576055431674,0.4028938232506309,0.12841367985127938,0.6005536371524212,-0.7884955505816753,0.3072824492031871,0.7891208964372057,1.214614728090187,-0.37258923250016013,-1.551985988798609,1.9188366159123331,-0.007695618649898416,-1.2244439055247387,-0.20819226782341566,1.3442697387760294,-0.575916378453923,-0.8026816596621226,0.058598419675168455,-0.0216907411787061,0.7360785477015033,-0.6831417225798161,-0.976804304180752,-0.573150024787874,-0.324066409626106,-0.6479905612074947,-0.10653454561533075,-0.22335181720531344,-1.077273493312347,1.2574321914435445,-1.4890205642906789,-0.11871858678539035,1.5818000392704903,1.5486100169156796,-0.9352757037440637,-0.5972349648184073,-1.2663880929407658,-1.0267143486208368,0.1569057602468003,1.205083767182941,-0.4148124592445554,-2.788559511780389,2.082449297855817,1.9292332294490793,-0.4335042516305919,1.1135043269826892,1.567911996787936,1.2082759391037328,-0.2305340777003272,0.7871813505648996,0.955796495384877,-0.6456928966670951,-0.26270914718812777,0.24843485193245549,2.2529739587451783,-1.3993349999202878,-0.38442228074840074,0.6880648827005637,0.7769585492233082,0.0074289940733933465,0.1443276008631997,0.22396189225054566,-0.17265169635149494,-0.6573669461709493,-0.31809990904723434,-0.9712794771028413,1.3929971404512511,-1.064894284026425,1.0012902166530468,0.11544730885787705,-1.3477433480441814,0.4925932590885205,1.709077064019636,-0.6726804838659622,0.777318249912419,0.1553809011164213,-1.0404210948512032,0.19414847374237426,1.1804413365019297,-0.6864120932395369,0.4455274817992187,2.1015199417812913,0.6089035270101537,0.602993707822808,0.17559204681382218,-0.2540867306124603,-0.7114626345922229,0.4192574084175667,1.7371168706648197,1.179476371925847,1.8433741463973323,-0.11849060798391024,1.5950731331641421,-0.26126119198429765,-1.1543457176087066,-0.7783499317375457,-0.09708027750558615,-0.7627823299865361,-0.24009220286192248,0.9587694419620892,-0.5767979382701298,0.5966717676562389,1.8509737152103503,-0.5420271644453193,1.5951340590281429,1.1025413418407908,-2.2566271811422993,0.18350350283673605,0.6756028837270754,0.6129007896990005,-0.39159642833080915,0.691435014352093,-1.3422181347379516,-0.8391417744868438,-1.28795853688102,-1.2876987623218343,0.06942012663854036,-0.43186740119028433,1.000526386635178,-2.427695887583342,-0.9253613529269648,0.4593132412478668,-0.001437445678960881,1.6526243377342176,0.5092912751508574,-2.724020609273343,-0.36612575646533535,-0.864592550270191,-0.7304654142283026,-1.4115254114153042,-0.26667487030916825,-0.719515432626581,-0.28959073781353695,0.9407831135220877,-1.3569471983708088,0.6882415118574845,0.6060964899892605,1.4261383909207694,0.38341317578830036,1.1131183075104933,-0.14256562717437188,0.4143935648746423,-0.4999349897648288,0.513896640951363,-1.6783083304012592,1.5176362768366882,0.2999461435209123,-0.3921040475262042,0.2770136135813676,-0.0435757738110487,0.04894705514574108,0.18480206915030964,0.023443335753987316,1.581860286359564,0.16354997937418614,0.7169089566814465,-0.062158706106311405,-1.5015040938911444,-0.031048929586772866,1.1361673373177483,-0.29140598411098084,-0.285449733551325,0.2460578505600272,0.4541672789004696,2.6881353143605686,0.15255684738845696,-0.6677348722266697,-0.23620828332742877,-1.433829618481571,0.9273303672674211,-1.8884328681372904,-0.02079575456640924,-0.1606615021265644,-2.4668362864750675,-0.04920255055414804,0.010571953877241948,-0.8628022581697601,-1.4302451848632676,0.24623019342299407,0.5922844479471693,0.40341148464993265,1.3974730530551733,-0.2681363516910838,0.3842158504403289,0.4104161312522996,0.1790124244608706,0.4367715904877362,-0.0893580396729856,-1.3860936258304206,1.7325141041153875,-0.8908561497086593,-0.22748800110225956,-0.9878435543192154,0.455843721032341,-1.3634910178962834,0.8309206631468402,0.29684922212649034,2.4904527422541225,0.8898096677853669,1.2403053680234708,-0.9862797204314298,0.061793412047968586,-0.44704473320769544,0.20960317406528942,0.35365544049471936,0.5622150622882094,-0.9896639910730533,-0.09744836866462898,-0.36477856573538425,0.34087890692531114,1.248738769219932,-0.5809447539499515,0.5172917164823758,-0.9741528359482602,-0.14553155815038193,1.66496866423379,-0.03236990091932795,-0.5208394154565417,0.24508594897819655,-0.36065540413506575,-0.03431040907875177,0.6656224527309099,0.11242500473543189,0.3988495979913251,-0.7698744928793076,0.8251195441058186,1.806560310780615,0.7881362332512016,-0.30516885400930205,-0.8000771167513719,0.32765195105159184,-1.3969252892159034,1.9268529721992047,1.1795938350609683,0.07949886313602438,-0.8408902297354567,1.0430582662960606,0.8774913249759748,-0.20608842136386712,-1.475364195114438,1.352685571361474,-0.39815923569871664,0.6248692425280044,-0.1465197381278766,-0.18400329424961556,-0.5673112155853502,-0.6784430920817357,2.0281466502814913,0.5315027538649899,-0.5796192173705761,-1.067351061777609,0.44863913422352386,1.477163081022404,0.25266120216198323,-0.18004290338711654,0.24318818244722415,-0.6298367361211586,0.23913659943118817,0.648324991519265,1.2036082395001821,-1.1134334796323193,-0.11044695980325608,-1.207085747678388,-1.1083197676550756,-0.2845351110996255,-0.7167444808000012,0.49023042941540895,0.36304018339848926,1.4265766881613164,0.22292326548545316,-1.7562789522855893,0.9661384581515232,-1.6100620623837023,-1.2479591296813972,1.3690171298986513,0.23173135324245564,-0.6083056922384968,2.4202035939100646,-0.9835747653599163,-0.7879259156576527,-0.6432690675784827,0.8898690295563634,0.5043422249282573,1.2217757800512279,-1.3183581191515525,0.15018749835988596,0.010835783588231718,-0.08459824709996257,-0.46506954308962006,0.17029466289576478,0.4620029569587546,1.5144779798329662,-1.848166961241961,-0.04658691579789573,0.7082238730885548,0.22902538238147668,1.4397855346095918,1.2925339396767686,-0.22861993682655007,0.11447865628074476,-0.21412849224286476,-1.5185100589018985,-0.00954671300732417,-0.4800624904226862,1.6893877282329894,0.459715284009201,-1.7875894775864005,-0.18749284205578992,1.777396237527346,-1.250004679130207,1.8321374452925296,-1.3188743098652476,0.014946303564289084,0.3878733410241272,-0.41232633476755254,0.5533090181197977,0.8160419673435799,1.1733290454382397,0.4984445011784254,-0.059575156205678804,1.535758156748083,1.076934962763869,-1.704345034042676,0.8740337323352401,0.36746935577883444,-0.6902143199469859,-0.23961750453135683,-0.18475023404906252,1.2275311505438051,-0.5421838945779694,0.6149614122162766,-0.20346248442638723,-0.6250737934101369,0.9727916826120104,0.29264780407817426,-0.5978084992209176,-0.5059817527332203,-0.9222852469461587,0.8654965526844888,0.29557889722360386,-0.4166035699071122,-0.20149454896406072,-0.44131966265782824,0.5459386822576058,0.10410003006051194,0.0861140792102079,1.4660664221710829,0.0032446111411408604,1.1113137301034186,0.5729468297407467,0.38577905346155866,0.4989840662169358,-0.007330342044132019,-0.5961682240539798,-2.2891398933994105,0.4531493781813859,-0.04728317968542915,0.23050229582749804,-0.7162945214662005,-1.332458291228206,-0.3992098598582187,-1.595321922768116,-0.7539241992641739,0.6480245458062672,-1.807290452606385,-1.274210129635416,-0.2700497265159376,0.5051612554037858,0.2007808834098242,-0.7805124661559584,0.43368698615247786,-0.5692978241600225,-1.3327489667549193,0.6662665383501408,0.7723149859009708,-0.6168002002462978,0.10287067279283485,-1.0172761782957522,-1.5051441746446335,0.09370400443357131,1.452358114520156,-0.5112662273175526,0.5525789070018035,-2.531400420873498,0.04835620224693601,0.929626214630406,-0.14626221833765254,1.148198661413198,-3.079287080177529,1.9841823007099626,0.2627488759030994,1.2820925309128224,-0.36859304727343595,0.21342298526111306,0.07163282282247055,-1.0754446065126928,1.2820726589100357,1.8455187388114735,1.9034899525929945,1.689039366502691,-0.6425791667270745,0.9251810889669008,-1.007080796314356,-0.27824076114772184,0.6104353658778215,-1.0037742963551788,-0.5374324846147724,-0.31600534409229303,-0.05045381363317654,-0.22268244338279242,0.35927824302542083,-0.6207691894948887,-0.9504209488237367,0.8506482591048559,0.42465431559160843,-0.5961409570412667,0.4350903809540187,-0.9239950627792649,0.19955029678019012,-1.930995223643493,-0.6375441142485082,0.22221551033156786,0.791583144409711,-0.48014355365633965,0.34164092919953853,-1.4275169119209359,-0.5556916967837766,0.9390715688970765,1.3268551319816175,0.10173547532609431,-0.3998050409966662,0.2516381681192022,-1.4982800554717728,-0.030501221030402873,1.1848247765932465,0.5899320616337435,1.0562089846878606,-0.49368975708702073,-2.6078542926133004,-1.4929242771412738,0.43719438313467396,-1.315221653691399,-1.7446483303914986,-0.6471456562388452,-0.6575861390810983,-2.527469826900498,0.2533893475512368,0.19017355630804972,-1.86727540370657,-1.6311848245753946,0.3094997687199721,0.655415577079994,0.020808383271539155,0.347770155764198,0.20294710800821195,0.41062692337564055,-0.620916698745845,-0.8887494610483919,-1.2763180887336276,0.1353558286959011,0.06019130408985639,-1.0562876058243007,0.984736433285397,-1.114422626215509,-0.3107712766056519,-2.024839536271407,0.40764993651113685,0.0450902854761147,0.08059541453287444,-0.18952199371844416,-0.22763047171934425,1.9297852181722572,-0.22889195960388833,1.1812184643365213,-1.1729056037370056
0.16156967333581515,1.229549216890305,-0.2984300257971822,0.10094572347308338,-1.0675613445757706,1.1186070449041094,-0.44971636209895877,-0.6595863401731652,-0.3009185946959623,-0.4091878081787996,-0.5755976001489633,0.8178192642881402,0.6193500214234373,-1.5300150036130946,-0.6288514677083793,-0.6820822096999076,0.9649204551242353,-1.685725743953016,-0.2555035649768879,1.3330133042508596,-0.20954570502376194,-1.5617831835660563,0.7688969851434434,-0.7729168946555931,-1.5418580870882064,0.18107303402580097,-1.390900087299565,-0.1116692225404341,0.5690148491448445,-0.7254346470904532,0.2962939298616709,0.4823821829702694,-0.40150132509336656,-1.097021457576134,-0.13755871736113384,1.404741399314631,-0.2825766862188245,-0.5597260260649648,0.34515752379775344,0.8128746003993162,-0.40721780810239827,-0.35705759524937875,-0.26437821596325717,-0.0342269439980909,0.06100015703275859,1.0093910394321401,1.2348762601109424,-0.9935855852829371,-1.4231754403372174,-0.8119367408125154,-1.4758896269157593,-1.729663078284446,0.7892278573337594,1.3168198383567604,-0.9465802858263341,-0.5873897440627331,0.9771963663670731,1.8395188466087837,-1.5064416956033078,-1.3456702885470486,-0.6867115108505312,-1.0024031534820392,1.0515400811849587,0.6303023500888499,0.5323205686352623,-0.7029863988232331,-1.398588903511213,1.0562179729431176,-0.5466741831544965,0.3390638748362976,2.1134920499880923,0.7666125654207452,0.5469627744202171,-0.44005925685808284,0.9650185729157574,-0.5982604558129259,-0.008599753032694618,-0.18795382215639217,-0.6531878777586534,0.7396536732768232,0.6644457572458401,-2.8688382184986705,-0.819183527812983,0.2886805555555253,-0.601637872109439,0.0453190344120836,-0.16133312769840505,1.180830764015447,-0.17193850886406256,0.059328109540848425,-0.38207819361342693,-1.8302064933503404,-0.8066351050462514,0.13079107462275574,-1.0361594493895576,0.02478982278451532,-1.4087067852935038,0.21034344131522842,-1.661955400340047,-2.001531793032869,2.0182809563297965,-0.6468866356571977,0.10692836727464072,-1.7922042521493873,1.448107846211897,-0.5518682485574281,-0.21874246872486303,-0.771823892486962,-0.26650473918930184,0.3240060392571678,-0.2060133783450695,1.62889066071506,0.5977766751325504,1.5271606105868634,-0.28876650740729526,-0.5920337027075431,0.7198493713441565,-1.1640059762074204,0.5317198656175331,0.9927561820988752,0.24352691332064497,1.2254000955447388,-1.112141329084889,-0.06408397561936043,0.6696367571082156,-0.42084239899574816,0.009927382308379876,-1.1494450983880644,0.3230999793735793,0.3364155109896197,1.0094421516222691,-0.24001990683678437,0.4729498080453789,-1.1104454526998557,-1.2219916804275315,1.5676485657821737,-1.0019645340123633,-0.8070163392969691,0.7703423654401008,-1.3069202454159325,1.0110878900070868,0.09970709894527896,0.2525473934873903,-0.09191173293594052,-0.6920456698290556,-0.8756698086704872,-0.32601575938782273,1.5640286194028379,-1.9342770161855714,0.6927265872250309,0.7358906387314386,0.5285738519626858,-0.0038928308954101157,0.04431614525132595,-1.4620401038655029,-0.09478417402857173,-0.9614723298600046,0.016985404494600207,0.273728757382481,-1.2522009017340623,-0.7943460213708812,0.11480096432934597,1.161402820338517,1.241469720806361,-0.6980215436926445,0.09037907944384865,0.526975941639323,-1.1843896191513124,-0.014938310395873856,0.148424241746524,-1.6562755530104405,-0.4465577460653184,0.9521549045583562,-0.8322806784288739,0.734623140139112,-0.3420047538603905,0.5553644973509989,-0.5047550616175419,-2.305332241790247,0.9503202540256731,0.8523240115434203,-0.7380333347388087,-0.9511419025988628,-2.264704948231951,0.3913743161678724,0.22626273797834737,0.29554060333515564,0.7742673300325026,-0.9247320309182304,-0.012088161109011251,1.2075149683415973,0.7329929606467619,-0.5953343697872445,0.08204650227195713,1.2318851644687683,-1.5465884898208264,-2.099180348084369,1.5343372970001308,-1.2214792664415022,-0.9956693940636586,-0.49070806835137704,-0.7250102520845403,1.0013183952461295,0.5215047648537674,0.2783289610618568,0.7492773953005062,-1.0628829724859754,-0.9250278062310751,-1.3879777575113559,0.29840800123816497,0.2192539648801023,0.7074283024315015,0.19300559748899712,0.08944944735678963,1.1787537938434127,0.04964437177015763,0.6252747360965626,1.8786807441871343,-0.6653673310482408,1.8348260865999158,-0.00471691237425759,0.1199879147337785,1.0874685067274104,-0.6667449502867107,-1.0945116162843442,-0.1264865137962455,0.6497844812167715,-0.2476776666070607,1.0870941066329864,-0.06584207455986085,0.2943470599469307,-0.0710719521977409,0.3409581768914278,1.6758616046908876,0.7500116197490106,-0.7830427767469872,0.4794194137403872,-0.9286669576130671,-0.6624618084867169,-1.163033261638268,-0.6503588408222538,0.5680308173730377,-0.8966931752640167,-0.2358425965238084,0.419175247730566,-1.5157716776156402,0.3872574433010208,0.2426464194415042,-0.7304224191699644,0.058345009146130826,-0.41448507827932,1.0560633506066097,0.0008959719363387748,-0.6264138234171648,-0.7505835267389117,0.7625524601850648,0.7174844010730873,-0.691818295720914,-0.91153472635671,0.4465728805914044,0.6998015855286974,0.4284928287266956,-1.4865204838640822,-1.2453744696885123,1.359363630616814,0.13757460105201122,1.1749857784371978,-0.10749812536655959,-0.5458847180140198,-0.23733917038794364,-0.6027153089669005,0.7973667468477812,-0.8283379619677589,1.0932232284397838,-0.7291573472507683,0.25079334847219137,0.25060948114480996,0.22441916695149008,1.178019123271027,-0.3779953947683944,-0.8759128784496912,1.0856611118182697,0.906828408531973,0.016524111114894057,-0.11050398663590559,-0.2665844629250861,-1.449337882343129,-2.1143800554878833,-0.05075440584489779,1.421237451961151,-2.277550129337648,0.5201517356251936,0.2776703426631642,-0.26227765886229065,1.013019816382448,2.0846172231553166,0.049391235803281704,-0.6131119388091104,-0.8440852355562223,-0.6329880581865203,-1.5686810055600582,-0.5257984233745356,-2.234244620337835,-1.8582949340490822,-0.875190945454872,0.9116349033420927,0.8459611612128737,0.0655759823557298,-0.20885423881686227,1.5658647747983332,0.36492714663063996,-0.7845681552923224,-1.2169978135858948,0.15289780906356737,-1.50040528188602,0.04133753926870195,0.27797879804827935,-1.608486432610778,0.3506622166814321,2.713106936510922,-0.8010463566532018,0.43258560437587673,0.15617034154877152,0.4532734687707074,0.2528861157655895,-0.5131442452674213,-0.38437553227942983,0.5146721873163338,-0.34244418215088934,-0.31758892964754615,-1.1625147266267388,0.453001904068253,2.128779035515313,0.2447470368535577,-0.8831162396326201,0.5770801150357201,0.1976625539194069,-0.42494614624643434,-1.5305382296717407,0.904458108450861,-0.5605009013003691,0.27672568392835944,-0.4029457745884929,-0.032019162217663204,0.574216654607837,-1.3337013433158227,1.5985637801602237,1.048871259115412,-0.6608874461550109,0.8878582933879825,-0.194836887014916,1.2781155988061963,0.11994554018100546,-2.4227156685009295,0.1348465900832974,0.9934560293322633,-0.9839596392704488,0.6768505769201331,0.5020909429681703,0.6088966292451357,0.48684570902823004,-0.6451430037838727,0.003381126952873642,-0.33859851502026317,0.5973375568249828,0.3392176659884826,-0.43759358583653285,-0.7752753503340823,0.8645650750054231,0.8555064372445513,-0.28050911021164754,-0.33762171807608377,-0.06700755714632006,-1.3347880008035475,-1.9559893977925928,0.6398534386700533,1.5470161789083112,-0.6521376429279433,1.9573547836347431,0.1012580666712214,-0.5887619769296871,0.9615461461814784,1.1942246729278785,-1.079523936791415,0.2741329698737087,-0.3471161242746703,-0.2525017217169552,-0.9920613051937298,-0.36355019772356345,1.705517155632792,-0.14667751369668655,0.427991858287992,-1.7896411002170514,1.3595481265997003,0.32341266620517284,0.9331646226886374,0.1605912473889621,1.1259692223239692,-0.577905499130496,-1.3575898856621045,-1.5485895077862217,1.2625360015495295,-0.07175073418112898,-2.7137391883197917,-1.3366969837296163,-0.09808895144849394,-1.0935953127051472,1.0326094010838065,2.8566567925297712,-0.7129117903309699,-0.3500054002992916,-0.5781226139326343,0.2957511494104712,-0.9159634348001322,-1.7213580677701714,0.5636985334621278,-0.2742323979487154,0.08993826401190834,0.10702124558247787,0.45901775879456136,0.04908736618160699,0.7344531140065373,0.10972118696165524,0.09823567861610784,1.7848644243984177,-0.40020963869640885,-0.6215667499821121,-0.6656008660217126,-0.25433624610792555,-0.14828523491486778,0.7470675082506822,-0.21550272173629584,0.5424750453757429,0.7641575880710363,-1.137983768142713,-0.1492273945707362,0.34696494744256917,-1.145564869926894,-1.227930306159371,1.0521105159830755,0.45014329041865797,1.5978198702957411,0.02435204226623679,0.9619782392719767,-0.5655543780840365,-0.6427166960635494,0.17989921836228978,0.029300027018542448,-0.27368146740619614,-0.42432730805942354,0.7604034896850862,0.9570866048200881,-0.6549317428668233,-1.0503743784671922,-0.20479509553485734,0.8168310505171865,-1.6823241496622319,-0.2430575341676913,0.5730551918566671,-1.0211090930211102,0.22587806596033544,-0.851350273707533,0.029897857095200167,-1.191498578156056,-0.43270033113402195,-0.01246267895941444,0.3372853269879215,0.9176975711875841,2.2501359566669312,-0.9080242236807168,0.43023993824187806,0.43171886705760854,0.8436976639917313,0.18534440498557084,1.9991454797664965,-2.4146580188979367,-2.052048357067407,0.8362476444709932,1.7355928190924284,0.21295679616552207,-0.4915252229799679,0.12696186995932254,-0.9504872548659292,-1.5418970513846637,0.4384521483645761,-0.5520589771856826,0.44819238255170546,1.036798578917738,0.7620666380579368,0.7318651451783292,0.3366245347386555,0.2985445801695341,0.00834286070840865,-0.6838845254023996,0.5021009590087299,1.2573342211782943,-1.074453214746588,1.2160801493144882,1.1047212034636982,1.1627712901301943,-0.3150401401600435,-1.036547636789856,-0.6247417687434026,-0.8565533338664096,-1.7343309846466017,0.584354688274466,-0.9288643770419712,-1.1821783495632776,-0.14020634884253919,0.8391711776511551,0.8345153282429115,-1.0513511346753357,-0.336873784474553,-0.13135137848013007,-2.2628349247778377,-1.2933175137383033,-0.2307049076274892,0.15293469031643772,0.10310753945350366,-0.22556148169930898,0.29506599207161016,-0.691934970126944,0.08981344662121926,-0.008592987217752231,-1.5362114103653497,-0.684845562502243,-0.8043234238952106,0.7008598801979583,-1.7795596994164182,0.39030928173412965,-0.11427788773554946,-1.2612078882295799,-0.3617621923867407,-0.4481061241477695,0.3686207177812566,0.5410548521408924,0.11679847515701719,1.083250976309349,2.1335873032202137,0.3505819118967257,-0.8440593448533376,-2.3344133996786947,0.057101841880090175,-0.6923389968918802,2.334460798244251,-1.0685085603720719,-0.27941381815376193,0.29194888095422844,0.42794499540788195,1.466876936430414,0.10227216122800831,0.4607816193098305,-0.28447472961096065,-0.46495345039790736,1.1859252798257687,-1.3658530433383154,-0.3684254290915619,-1.14591600626435,-1.5209634783762682,-1.3735493735747337,0.8648616724080076,0.6630169707478023,0.26159732417958714,1.7915472999904833,-1.552179854121134,-0.12415719333042913,0.9122594675456721,-0.7833575464691758,-0.0409652920384621,0.6099708635323233,-0.4202147251091026,-0.39788028065854913,-0.1073270430465407,-1.2948538985344475,-0.09767566740820557,-0.6931892625094551,-0.6700522304418731,-0.8409285094442008,-1.530643745564318,0.26466215946400495,-0.11039310178880334,0.48553420744688913,1.758884046833,-1.4666728638813151,-1.093045651886585,-1.6572590280037942,0.16147147697695036,-0.7896807616823457,0.4149707651807598,0.5727562987790774,-2.406075505489369,-0.027581692587105393,-0.614012598500427,-1.1626569275840022,3.2272642406416616,-0.6876914747291365,1.4370641688560748,1.0257701908002066,-0.005982534303164723,0.9277356817059456,-0.4199688460836589,-0.16640259273296085,0.18522024691069194,0.9871691531911673,0.5218784732083728,-1.631654108122502,2.042055893114348,-0.9644021413657584,0.26955137053005623,0.011055340149820347,1.133800648111792,-0.6041240199639838,-2.4388269817829684,-0.44746978129885534,-0.0698669359618691,-0.1631337061702573,-1.428586795682997,0.05781719002086154,1.1312626501067382,1.5889156618456892,2.458286216742482,-0.9089443748736847,0.5559352216886896,0.24056568950886767,-0.5329652026863992,-0.521694451593419,0.9771920344731012,-0.4450897833276606,-0.7932689135823593,-0.0658470038443822,-0.5473426608947439,0.11194588208212193,-1.0964763022926378,0.11425816878367742,-0.3784786542933904,-1.2937687253729686,-1.2234681238698524,-1.1465140956453437,-0.0003642068425248674,0.5109198685560782,-0.6446651747663883,1.8561750712701377,0.3006728720536721,-0.3454445832283734,-0.6981546110217596,0.3450161277194337,-1.7427337804515577,-0.938211008224151,0.5112475113734551,-0.7095978413459074,-0.8764957192397512,-0.09002723958626022,0.3252686012329824,1.1343015784511052,1.5778002301202003,-1.1647997820299532,0.6925558586242141,0.3841843518290434,-1.6573800086870656,0.3537108752224613,-0.6068726233757515,0.7321459826452464,0.36377848386125206,1.600195249253356,0.225212505736151,-0.24681811846594928,-0.855425820979831,1.5138129746259479,0.2790359427283717,-0.33282386465806796,0.9316108766974407,-1.1104153042586131,-0.31207788346940296,0.5713774522345434,-0.8698584095881845,1.1928787742623237,-0.18550338352463122,-0.3128971361697145,2.3669565741828587,-0.5781571288949803,2.572234826078275,1.2519315069387653,0.7585948427892442,0.5158425563608375,-0.37706983087972074,-1.1809653976651786,-0.8345379768526405,0.16105751050347641,-0.5831327841191554,0.3861405177629385,-1.762913458726337,-0.8015347619092399,-1.3139003494871002,-0.5411359616036155,-0.02252389178709018,-2.1262240570267985,0.4048418024156311,-1.3219381158399894,1.5975007556280627,-0.7914050613478523,-0.18130363905342756,0.9064967800322041,0.4365581706620684,-1.2548432945578425,-1.3093395217190444,0.23503958733817618,-0.5767636778857812,0.3946441717720079,0.1270831130421386,-0.37325538597737795,0.2623570742383728,0.7459020957511375,0.16684545297230866,-0.48798627794480215,1.2422711073444335,0.8446710547481137,1.7435938821642503,-1.141511106366721,1.123103399168905,0.4489122557213589,0.1851778055528697,0.9648244505154017,-0.4130700953210843,1.20957881986237,-0.32664062111546543,-0.09080412893941381,-0.2387184624210393,-2.457964701921407,-0.3075158377767359,-0.037109481080730665,0.04357928392093903,-0.48562103999869716,-1.353359635066807,0.07240410255371205,-0.17049467557587286,0.5025948295944108,0.08509249556662417,-0.37923799950864384,0.019181529745858773,0.24891391908811086,-0.5931562233481632,0.4401688394030155,1.3585245702715072,-1.5883652673471766,1.5015435302745161,-0.019545500001046632,2.0654643199926674,-0.22133464563024632,-0.27421565122196934,0.9531637189823637,-0.07446804454016699,0.6423356417612459,1.0337530463163245,0.7369435398244066,-0.3138235398288217,-0.08489933782764343,0.24706103558685424,1.6495484841403225,1.1349140379824845,0.26142280970981846,-0.20957216439091172,-0.1492965305041462,0.326105207174478,-0.05748601292545978,-1.6929028966340862,0.8778225792001649,0.16924946135789118,-1.6859198665925557,-0.7780394466054745,-0.9806523997496868,-0.12164764983570386,-0.7159672902743274,1.0199441538567218,-0.21203765896778437,1.4654079680753351,-0.06654800693299903,1.499225341112179,0.29243565261543647,-0.4954256328477543,0.028751994221766858,-2.3747135264076156,-1.2392313142482494,-0.31806317469926254,0.23738411467719925,-0.5881485623000908,0.4259331385458037,1.4132030222699272,0.005560340708164275,-0.4703692011327248,1.6152309773537397,0.7827485659047699,0.01512986529792145,-1.376635795228482,1.1612611730506954,-0.2643900291030787,0.6156854208660959,1.27687506605814,-0.5740340020972202,0.22408987343525527,-0.124162989164493,-0.6185878629255389,-0.05363732549293404,0.5724009203221514,1.0982463757974779,-0.11278891341292484,0.028795298428814866,1.315345306013269,-0.39865717058606404,1.2500188804973447,-0.4006789159464135,0.5547872858215245,-0.04626267607700072,0.3697469347039332,1.2859332646006238,0.9018121563264158,-1.1574680445291434,1.7459086658332663,0.23417038234954624,-0.35061211154063854,-1.0823696874464126,0.3091812454579716,0.5795524646420841,-0.8720164656876799,-0.09016428256434815,0.8619947375200273,-1.3318605071152891,0.5923328105944302,0.3554554878507221,-0.3186079384779269,0.45857577374035896,-1.066412315331147,0.5989323896999371,-1.3405686196020121,0.13481667531546068,0.357126675720033,0.09331980069884263,-1.8098333103549695,0.02779628201774544,-2.036886577679022,0.36319643802126883,1.9155603915208899,0.13499604769007167,-0.06596772998034175,1.7068489791674384,-1.8122241507894805,0.04317369806181569,-1.0044083697129071,-0.5294947759522949,-1.0082508396891856,-0.7534821389138823,-0.7507387905860565,0.6496846329121213,-1.1380966574089748,1.2327552479893982,1.1927722987208966,0.9149649045088553,-0.1215178341857417,0.6386772446228073,0.4123783182763716,2.3476606088037,0.07655284962723083,-0.3262423557828133,-0.4003470649230672,-0.6826978925159205,-0.12467416640047382,1.5644785834683765,-0.4412997226477309,0.8287896659822181,0.39566577028679417,-1.1736757367658406,0.5124591408408448,1.6981959288202586,0.8296162005757651,0.4526756965371109,-2.124836437934278,-0.5384584192164551,0.03674361279744674,-1.131253362202498,1.7281537156688955,-1.9070159211654463,-1.150559230671202,1.1030911374622603,0.9493644253500123,0.13211003610933947,-1.1009623250893636,0.4429403272027976,-0.6010408359857463,-0.04840367420438664,-1.032616648442981,-0.055946489067112255,0.3130726084101218,0.571482411640945,1.176270637517458,-0.13420418838271203,-1.228433528490178,-1.4169672615267004,1.3104090727247901,0.38496588290980194,-0.10202773110267889,-0.3747335366786091,-0.36230899592231147,-1.4060138362235939,-0.39774640136964395,0.8023785336325585,-1.3418149586274233,0.6219709537033487,-0.5594266259605353,-2.07608570222743,0.3680519939636988,-1.1225331836363734,-1.9856846661706589,1.229373727305215,-0.4510546313771094,-0.2345673292086778,0.6215733920334846,-0.17983800978328301,-0.08524968912308983,0.9922225755380816,1.4138423570436944,-1.7352215497821941,1.3057138741623666,-1.5206121519895466,-0.42984591099567304,1.1777710046049665,1.6528042788651593,2.1111898150156465,1.977176019705315,-0.6551251298858485,-0.8731986193807361,0.5035161828524722,0.2531068576391049,-0.35245395425236753,0.7393098451324391,0.5149138437877245,3.515509134762664,0.4654586948345118,0.7338358254300482,-0.6737136678646167,-0.6331636080394637,-0.42539700066823866,-0.5057173547558729,0.8780327273375552,0.0756017453066925,2.0472576457953995,-1.0821600214274663,-0.7739948936147446,-1.6478739164760896,-2.351784535781813,0.8350257032815699,0.44787476954850836,-0.23404975149623894,0.9332633243173113,1.3358916364392188,0.25577361677215166,1.2248860395776981,-1.0986703156993982,0.9196789838639229,-0.24610621027524,-0.3787322296039946,-1.0872182848788927,-0.5158172752649454,0.549668383804772,-0.4884209527114286,0.1296004170125829,-0.896679333152761,0.008139275217545362,1.201849992598645,1.478254461147838,0.5894334604080719,-1.292954623569207,0.4634291761448695,-0.016733000008690626,-1.1135626534195493,1.5238464059240606,1.559806487804411,0.6765185236642185,-0.2422108412979482,1.0280982783354906,0.06084340029612606,1.7685142808433114,-1.1848645801981421,0.5077958244902351,0.7075145539260116,-1.1592975297019563,0.8198788766962557,-0.08985304405418192,0.16641735984402845,0.03564049886069855,-1.715846803886901,0.7026987798939476,-1.5736733057273091,0.12950820462819085,-0.6936968219530608,-1.038785246327515,0.09661842637472713,-0.6038833551582731,1.8372353567537063,1.9658076918039926,-3.0044666127353077,-0.31887691720163963
0.33797077296877764,-0.3011952723179729,0.03739697390294032,0.5146110707362127,-1.7359042401240619,1.509033910234555,1.276563952059188,1.152799057472836,-0.8167156147312173,0.25763970599826336,-0.25705559849470505,0.21173904418811618,0.6301286989290906,-3.0815025605424053,-0.9812343378956155,0.84524210045483,0.39575671446680694,-0.2329031083370712,1.107854574194048,1.0372397425159143,-0.8628148910340144,0.042706982195155625,0.41126714445646323,0.3401245846279065,1.2158972504267147,-2.0212644646109252,0.9712540563307016,-1.076355726290313,-1.1284216319852123,2.2326645022809664,0.21097564916624487,1.1593499876951288,-1.7682527290336711,0.2219543085759479,0.15979335050386814,0.8987124291403253,-1.1734076012486745,0.4516712758420956,0.6395702342477345,-1.2906288578447696,1.8748552765928177,0.7944691796143047,0.4970322879355776,0.6508463640928848,1.051810912809119,2.7463984230273044,1.5544931680339191,-0.5425070062368001,-1.0639139164444147,-2.026231691386578,0.22210343631429294,1.5994881552953912,1.6177989165519961,-1.5185006576344187,0.13553708127669606,-0.7735106186936327,0.15186677398444742,1.1319599153084303,-1.992657547441312,1.8725834050119796,2.073719145361018,0.7758538951252988,0.4530048585761089,-0.9842855060704462,0.2478579838501342,-0.4728979116518534,0.18155312870177384,1.8372766641558103,-0.12233025489179689,-0.4314960479685901,-0.4144620535841875,-1.1037751254390955,-0.5902405945718321,0.8313115068434654,-0.994004505755342,1.012098743345587,0.07291192986403988,-0.2088570112194131,-0.052002318325851664,1.2865053564395401,0.8214404565301932,-1.6581113463074348,0.33668035275758607,1.1652500242290353,1.4347444184793356,-1.364480899514354,0.1325641210686743,-1.4720940413530879,2.6235560738670047,2.0547540660737678,1.2425792551225727,1.0223453402967975,-2.5251168160955917,-2.0352191983633667,-0.09413212173854664,0.38408088125171025,0.7597637993148963,-0.6381507432989496,-1.1273594483049676,-0.48190895759472707,-0.3182140387658235,0.44274333659672066,-1.8165735443129523,0.9474240793225948,0.3402486006335232,-1.464600419000323,-1.8050038001521944,0.18068816139867988,1.013757974200319,-0.6776480074735047,-0.3422885625229405,-0.3642171514106042,0.3239463104651233,0.5795162042029881,-1.1423704300866242,0.8019996705047354,1.8527218736686322,0.796147359513705,1.7989897064676552,0.2834309993080205,0.2789621653125603,1.2303762760943997,0.8154369452458604,0.26078605903448493,-1.1725924216719559,-1.310062091865866,-0.18911957597125892,0.6291699295148938,-1.0313842335222903,0.03480670630665962,0.344320130467013,-0.7097382273300512,-0.23493622860416527,0.35439102421669205,0.30071590278530785,1.8694513225425666,0.12349356615031207,-1.0976631629573863,1.9874587231753305,-1.6288361016795838,1.436739958516852,-0.7293537331792989,0.5060842508460717,1.648306720867979,-1.5277352767267287,0.5758436685203794,1.025139109903582,-0.0051934275015945745,0.3169747918753016,-0.09483639463525985,-0.20763826667017019,1.410795049321575,0.29615747149840627,1.1830892917200937,1.3739465986053034,-1.1008904913195572,-0.32759816768779354,-0.6845462317310393,0.5252244243829782,0.006445118112508097,1.0325951590395892,-0.2119289348321381,-0.702987423005802,1.8086779090106462,-0.39973428187590654,1.8314653969756662,-1.150801996721026,-0.17419192981432804,1.3277491864796254,0.28750571374690687,1.3390113984893282,0.7436780598002297,0.4656464199731842,-0.8297647277352427,-1.6050904011150242,1.2959051900678666,-0.19110515430720676,-2.4594464978066353,-0.011104578501316808,-0.8735422302469622,1.0871191915067995,1.0197101534791633,0.724208269460387,1.3043983505763173,1.1352701123698297,0.12654863555814447,0.5030867018186662,-0.18967744017647598,2.4667490551599798,0.2298425027731991,-0.6392207960813535,-1.4592919501348276,0.19766061906000956,-1.3612241147143065,-1.0316262663895441,-0.8433425294125554,-1.3852049398365103,0.4422236806472174,-0.5644182398880797,0.9772289609194862,-1.0430751149616977,-2.590474549303958,0.0229061119623826,1.4207553746451203,-2.0122692985249717,-1.0558579572411861,-0.700649918470293,0.8928974002154436,-2.012486439737284,-1.0372428034060521,0.761495695571383,0.07598771959593521,0.4152440003593451,-0.4494329883588448,-0.5932409644252296,-1.5310195323771003,1.4623817004088493,0.936254408954855,-0.43361523736459473,-0.5472628336883864,0.20487331341188142,-0.9878649024478031,0.025729209880276428,-1.469880715296201,0.8926514118205279,0.6683242053735972,-2.4542822269883318,0.24405302060007733,0.47719126487632274,2.139371092591061,1.1960154129955953,0.09147353064241702,0.12229698329062083,-0.06917833827992606,-0.8274770245698684,1.2047916717065728,-0.2795957613299068,0.01765051245203115,0.5637481845455943,-1.6538726491600453,0.51961311576655,-0.819409966938643,-1.497063454747081,0.5210289337793891,0.8786403149664321,-0.34238310949512346,1.9478127525894569,-0.014495390951887366,1.4389356160681988,0.8107042055383773,-0.091139166650069,0.7353674987734131,1.6552433128055368,0.22769591149563367,-0.28615052610546665,0.6122882823124014,-1.086575159469975,0.8982153791399141,-0.607316042351513,1.2667913611209962,0.47427975347532736,-1.969432492418898,1.003485164436775,-0.6995531517200443,-0.48522842399189137,-0.024193652194858976,0.7674628179736623,-1.4426731007188485,-0.3260822006336521,1.679200678921555,-0.648132457005588,0.02549331555531297,-0.9760713624595496,0.9184768834370427,0.5758604087206916,-0.34779037219306574,-1.3377569045854605,1.5346269305567506,-0.22477603404143098,1.0628230697031482,1.3048203444482622,0.03129188543786865,0.13869578830016704,-0.4952938754575304,1.8122262377652065,-0.038766313820485475,1.791957302589481,0.32720974979046297,-0.1994732938531963,0.2007633049953627,-0.7371510458636459,-0.945159079005927,-1.1007745087388938,0.7633695615632482,0.057535316339494276,0.2905308297524188,-0.4293711378674923,-0.36876280841052245,-0.9979005751583441,-1.3429467826086456,-0.9369926182894269,0.4982936404348625,1.629766592209844,1.6867191198348237,0.47996331020283,-0.026294202650906873,-1.2886185799263121,-0.10473501685030724,-0.4576125820584351,-0.10278114576331263,-1.879899807555313,-0.6663298638944998,1.6406409711291101,-0.5746006736746349,-1.2696451232935482,0.9735069073165575,0.5787804235331905,1.7980391237147175,1.968332165873028,1.2523936307327497,-0.5062277896744193,-0.08594515379716916,-1.4171208022252921,-0.5876465603694633,0.008978948693206144,-0.43169868274253387,0.9069135637830524,-0.4099274396108044,-0.31682486695542333,-0.45178627753730677,-0.19767090360864692,-0.13507357416956595,-0.011651917902318298,0.08473265275444558,0.6677067730984285,0.8659989712408451,-1.4343109399256235,1.1844334013848945,0.5284527858416558,0.3601533724937497,0.3657494594200027,-0.004291434137446425,-1.0889926074744887,-0.2731467061310588,-0.39989771163390003,-0.13322710127318377,-1.0214389441847995,-1.2342008588859403,0.9952664544665342,-0.3128697225239306,-1.7642918245518153,1.4067662990679948,-0.40307558050702014,1.311131562762903,-0.5633544632979054,-0.2081747697530598,0.8072707035076991,0.13239979184483316,-0.21356684817401994,0.061624436318898794,1.040789962623434,0.1536319904066341,0.7672949089896319,-1.714318766924167,-0.5520823236790153,0.8261893188363486,0.9597822643135022,1.1254345064286253,-0.028740161464685634,0.48585174672226306,0.17301870864566435,2.7422104317265847,0.9553761433339492,-0.3136188124587638,0.7120012075560552,-1.2784969251122325,-0.14037566062812118,-0.31308100882347906,0.607368985129171,-0.8958573734263056,-0.4051605791296629,0.6168604194430357,-0.33471192371270003,0.20564697549259087,0.7717158099416439,-0.591197155338679,-1.195593546719746,-1.1696700672785263,-1.0283609969580667,-0.6536628494285482,0.9830017274537366,-1.2209657387377753,0.7247574203863583,0.713420029929683,0.06243609037552858,-1.149895235760799,-0.948342722253295,-1.0513290740218073,0.009512903622248478,-0.5909930942809384,-1.1632612636577901,-0.924697344976263,-1.0537818171435174,0.7228248474452802,-0.9165669723606854,-1.912623868054779,0.38831716286092427,0.5467920541748494,-0.7329668750955186,-1.0487456624160638,0.05059813592470646,0.3545698127013686,-1.119501281504643,-0.6719939281294331,-0.07914658580083682,0.5145597764684536,0.7445597005006862,0.881502764428352,0.9581660370308355,-1.6724778366931645,-1.9300338824210006,0.3549727107622146,0.19223893346607757,-0.5272014252269928,0.5676695890161115,-2.11820476794061,1.7003493801803717,0.9173888514508107,-1.1653648015467617,0.46753870979568013,-0.47992233501632064,-0.17818724090118218,-0.06744474787636233,1.340265973068202,0.39614774504984135,-0.9515084799216262,0.44170742706622734,0.2569670724440016,1.441399814239931,-0.2823899342772712,0.6871190576792329,0.5212672134270935,-1.1229073700684504,0.1942636048665195,-0.7168352975707714,0.8808783967051509,0.4204684240510816,-0.3815958841107799,0.6158289795718518,0.09650021395162689,0.8437745550536725,1.102015867555066,-0.6538043136645801,1.823990170652843,1.3144999118193044,1.3134723608737335,0.20728011719317782,0.7607137980239448,-1.1787806653963648,-0.05551942050002712,-0.16180982140073644,-0.7158530665668699,-0.05366743950523173,-2.231327865586771,0.524975844922034,-0.01099064549503533,0.4640115957495751,1.9125555359620356,0.8915524270398113,-0.9998723173668094,0.3501148142237911,1.3468130273351182,-1.264158906837604,-1.3905770954099428,2.2072454676585296,0.2210346183824185,0.3141439872972529,-1.3688274902179611,0.5857028121713174,-1.3069500454018073,0.40081285066924494,-0.12735838872747332,-0.2175718675438755,1.1687857248956863,-0.270481854044621,-0.8151957583384062,-0.5587426100519066,0.5536309555483647,-1.650345460493047,-0.6413174492876884,-0.9148897928203334,0.3794998676354009,0.8349496808869761,-0.47023783707975925,0.6932571180720162,0.4903882108017372,0.6201748046562434,0.7483329388767757,0.7043652376141859,-1.3053507818911831,-0.2957498798684829,0.810605635505256,0.7706465194626214,-1.7788987180638824,-1.7187202185332529,0.6807540998773265,1.1906388617684351,0.8932503726155877,-0.16199884345804288,0.626301290958496,0.9888100589517159,-0.8088922447763236,0.6252204959909272,1.061528559679244,-0.7248005645949634,-0.4245225390971651,0.9746869428925867,-2.0057274960699685,0.8882049766669338,1.0113897689933882,0.19040824199961287,-0.3422150467483534,0.042453541897413884,-0.12172449268095525,1.8765092472195155,0.5976023849047106,0.08128504299872313,-0.4304135865966055,-0.9315831728104643,-1.0966572813779136,-0.07006218689152575,0.6293643003680673,-0.9457548486295543,0.23588899392038618,1.0618296685113304,-0.24753102130748017,1.8722297319961323,-0.48667212813953864,0.9768756840396983,-0.6102173047710376,-1.6966780090361409,-0.2029787242866245,0.23037283245945597,0.8930510172194226,1.893461408079974,-0.6081070568113969,-1.8723756082696783,-0.4788702958632013,-0.8101022484455696,0.21029569383272245,-1.0026859287103556,-0.7686787338876575,-0.6627448472038084,-0.3932836814138255,-0.6503406057844624,0.08731123033994839,-0.8598973325580749,1.0765181088670355,-1.5440479882050375,0.8973876606888256,2.0381351654480264,-2.5605107100053646,0.28546204582008256,1.954880758690156,0.19909559269589902,-0.6256778954796656,-1.842923198649169,0.990303594394285,-0.181516089178922,3.105343084433265,1.7870703038038716,0.6339766346209366,-1.3094716026912059,0.04076548435900098,0.9590217975352896,0.45395689308340137,-0.6585224520246258,2.014254090900647,-1.2095159051813824,-1.0213802572957402,0.15256605673548637,-0.3349524613640956,-0.45324911267409396,0.4024810984112857,0.26939777793896397,-0.570165549359983,1.2571039267080988,0.8324883215128306,1.8192851414830054,-0.4591317755260058,0.8780827908895096,1.417812578085181,-0.0844623795053146,-1.641381068320494,-0.3569236304853143,1.2881976355838245,-0.22262468174823855,-0.2748829933369425,-0.8350052372324808,0.4999258919581495,0.060778157561887834,-0.5078937517418091,-0.011193175710017989,1.2918429480899893,-0.7273727807181168,0.16827671186475623,-1.0079406698156115,0.6680245660823836,1.2649171920861748,-0.08457772609020715,0.40816537263437813,-0.792983398548454,0.8382455234536116,-1.2471166250579222,1.4852546951141377,0.32424079555133145,-0.6643149507207967,0.6766612410657885,0.8019373885081222,0.2143227868393366,0.5672676177384908,0.6388907076507729,-0.6378213776594062,-0.6056436620924067,0.8544837401584672,0.0036497548024252025,0.4735648665813159,1.2857799329576667,0.13149019958542854,-1.3284749335241737,0.09690974324536447,0.16325748623100755,-1.9676671256208822,-1.151168907609159,0.3878815174579511,-0.6997232779215874,0.5513559884822664,1.296920283175596,-0.8473729403862109,0.9070332202547091,-1.146518496842712,0.041140730547393325,-0.3406155098019342,-0.845931574464632,-0.3603072668049848,0.1369568657419442,-0.8742682396073925,-1.4882313455760967,0.13105958194936082,-1.5659599252904437,-1.268761306892494,0.4782033660442483,-1.219235798134699,0.13919560020674066,-1.0738235685666135,0.44456632182961303,0.6097030152152436,0.42751751762606865,1.1319139234064444,-0.7346318175582836,0.7788083238185093,1.0032027894163724,0.8809608111036884,-0.3640235842945703,0.43275596887789164,0.05046266043210513,-0.49197741136613177,0.13199299183919505,0.20877240478864728,-0.12223837462749428,2.1315478275480144,0.6218808155878189,0.372353167741113,-0.6882241964354313,-0.8797002922244714,0.878029332316388,2.3754262410793006,0.44785624080476905,0.5253576302162759,-1.7000996491056937,-0.10953697336040577,-0.43019264719742917,-1.132764947678241,0.3519113897458153,1.6144521857871579,0.7995403836055054,-0.8885872779496857,-1.050056946413041,-1.44916082352919,0.6939780217533813,-0.42465927325250163,0.1349594277867816,0.14251992083216394,0.4606290340600214,-0.5628984620735303,-0.37004771462629205,-1.2344868766523711,0.8512116264481565,-1.1109458233797722,0.7109596958209626,1.0479676607293362,0.6559457367921414,0.9351892689503022,-0.689594232149905,0.8350994454134705,0.6247749765073078,0.12629212104709622,-0.24931207859751026,1.7712808868626713,0.2880415541445982,0.5354024576269019,0.9205079761586783,0.43954047822382775,0.6266065391756237,1.252681051983994,-0.35772295398979376,-1.6211719359532426,0.35132213254965344,-0.796068051206249,-0.03898425815937539,0.4757587456160445,-1.0333758952089658,-1.2220950533781905,1.3058502026047139,-0.7043132324435165,1.9280066754806582,0.3699267340348106,-1.3851098290341157,0.547244341062608,0.3348298528829795,0.1605798593773675,-0.31145809183366835,0.6475203696831692,-0.24057507896626484,1.7969576938131153,0.7120316033999242,0.1687030938514598,1.0586961804737767,-0.8184557772662412,-1.1750754381707391,1.4746027692739951,1.6925874589135377,-0.8749168380953758,-1.2762723289420783,-1.2435437739745752,-0.5887837797104708,-0.8059221579496217,0.7000110812179314,-0.7319487665128065,0.1713119368079545,0.6595557172362734,1.8313361702311863,0.6522847527656064,0.07552869205174753,0.04764086589074179,0.5024117131174377,0.447762456185198,1.7178339156118263,-1.7345239625006432,0.0181821910647511,1.817892396633973,-0.14463183361001597,-0.851095019396801,-1.17055590923674,-0.7866367051352531,0.4393027873680315,0.6687601994357094,0.8495685716526817,-0.2610193762844121,-1.8665289664069253,-0.22744611876747362,1.3753613125476174,1.7588405385152936,0.2672567913145709,-0.07778859896706335,-0.862693327700086,1.3876897857040142,0.7422764072794211,-0.49799194124508916,-0.6037583943004409,0.2603615872965152,-0.07363424064387736,-0.7467777786544374,-0.4312923373816939,-0.6001737233282515,-1.0224544386960719,0.05796784071909792,1.3255554531244633,-0.1328251322446333,-1.1158777397251118,-1.0137073102696825,-0.5615473905022175,-0.9121887376060275,-0.7669230732282512,0.6710763689477297,-0.7343669853374479,2.3848696654564714,-0.4364487050223549,0.6296517603916847,2.290836920667735,1.5922229253345437,-1.808563757445032,1.012841999133369,-0.2701539777547593,0.15832345388107016,-1.7341728983898024,0.043149969535819364,-0.403679184165956,1.0606619151854244,-0.48354998620379097,0.4652243755318073,-0.11235856862665602,1.4676287381606496,0.441584707427584,0.33920499520226605,-0.8596731659620962,0.8098664995001711,0.12385805816296144,-0.24130522901024992,-1.0991685470217756,-1.4635713154684304,0.5066934344415294,-0.6360006112859081,-0.8639697381477804,-1.6571683770439558,-1.0558855189653462,-1.7182733785677076,-1.7978592217892442,0.0023059481747818794,-0.1394606860228473,0.32256458251394315,-1.672714713336245,-0.4506008740970964,0.003975331573683189,-0.954660704506558,-0.27489922169737224,-0.8602997877131242,0.45666584051401843,1.6890028853855275,0.6528507567544518,-1.0962611565828446,-0.7217956826530182,-0.45250270740313103,0.49492292714587194,-0.5424941583816181,0.1689600625803464,0.330787137331796,0.016163905560947586,-0.14731069020413345,-0.27498340973169866,1.2944096373375202,0.7672303355511695,-0.6146482144462738,-0.1219339960749775,-1.267391463117715,0.41521556816280264,-1.1577404035560066,-1.6015022807187926,1.1484142319769561,0.3036541301368618,-0.36894616830867044,-0.35281439809295245,0.30139976696354953,-2.2433552395465326,-0.25773740873980766,1.1456906774043967,-0.382885284356269,1.1234569924870381,0.5626517959580281,1.835658777404235,0.7128179686989483,-0.5120692094559891,-0.03830158573526071,0.57542088593925,0.16918337065056283,-0.07212963076291616,-0.728900778792734,-0.12959929989323993,0.8520568742963672,-0.5771685648087626,-0.07099850097130794,-0.9968891272735728,0.1776451543993806,-0.6727479966320472,-0.41160149088098497,-0.3039351077256546,0.6119525434828004,0.8024861593823582,-0.18644414738655077,-0.2563084298651977,-1.4959299407926674,0.09434735808398913,-0.09156216746071133,1.327855730321854,0.037842576322768766,-0.041242432769486186,0.19092025495418444,-2.948702698330778,0.14769042764201734,-0.3750111282982683,-0.7659364112538253,0.6987410015422624,-0.24070586429904667,-1.0177504150266212,1.0577086213760885,1.5222363921003061,-0.4377657759910126,0.2720322058332708,0.3487416917147908,-1.6821846357983485,-0.47624164384264844,0.8138902357518216,-0.6223940870208333,-1.0719555770826423,-0.26649053402365547,0.2950921976847734,-1.5093603646841585,-0.42011515746940453,-0.07455136486164855,-0.04335187028344313,-0.023721748063685627,-0.09064792393261693,-0.42339959410371003,0.5040725694634716,0.03973439330385132,2.6617085866064456,0.8520690797091428,0.2722353718454045,-0.13168093628232133,0.8487362141590702,-0.10923826574991867,1.0866309862617611,0.1876361018196996,-0.007974489531022227,-2.0182036257414815,0.6505295200755912,-0.4082998166588027,-1.4239296316628032,0.31962669924439047,-0.9980743963458645,1.7524738229425996,0.6808413198524338,-0.0959629867418916,1.3180537384251565,-0.5288563262788836,1.8690146984086835,-0.5725933905802222,0.321137807081174,-0.112296159671997,-1.8600604653169555,-0.16843865197863023,-0.3720052073585976,-0.3519128646958684,0.7255886841863098,0.38739781272379153,0.3848100109646841,-0.5999416228542271,-0.42183577539384914,-0.7392597643067043,-0.37983160318571935,0.5347680329500968,-1.0064939575968115,0.006795800910655152,0.05579635757922243,0.4908749643964143,-0.28935864558539526,-0.099724837824731,0.1664108290059943,-1.1997727271490186,-1.661126904304233,-1.2308236408519881,-0.33426703297112603,0.5093596691904495,-1.059687999314041,1.9627545136863755,-1.133086228980942,1.4888581543582458,-0.9980849061469684,0.35548582970693177,0.19734952103752454,-1.0472404518374654,0.2693557349287894,-0.2991070396744504,-0.5549370600741663,-1.4092323315162854,0.3729085087781003,-1.3596457635392163,0.25282420953641255,1.0758067670335976,1.8030966621316853,-1.1845210728710212,1.0526153813473387,-0.9590823355347334,-0.8131569807835454,-1.7826595750938417,-0.5464505838052467,0.03903966260883025,0.7393137609278236,0.6219314383146395,1.7498533614898997
0.20128402287184063,1.5891483039570993,0.10657062765643341,-2.003961178085884,-0.2660227858077992,-1.4280363482970917,-1.4271906673043107,1.4587812175442407,-1.0260759534122872,-0.4147327009819784,-0.7514266441346386,-1.0971242580974412,-0.7430162727850782,-2.3197636961919015,0.9058720355153419,0.5324679130766153,-0.8329350018604081,0.13115127287433256,2.000933254771473,0.09075573053446502,0.47912308042514573,0.175364562518089,-0.3064276530371206,-0.9872156886672329,0.46566848106910586,-1.2899298725619546,1.1246909836722003,0.6614713119779191,0.49477802370614005,1.1964462771879296,-0.18913465239696753,-0.6245398118107767,-0.22823287050890073,1.2472119259885288,-0.1265923936780399,2.103411507464597,-2.032135786840627,-0.43823409147616993,-1.6968790150670585,-0.06597850374269108,1.382003583482852,-0.9298639465081726,-0.02737425993868646,1.1416625978052513,1.370775174297747,1.699449177746272,0.23711083316283502,-0.5069906759007932,-0.5440128362709814,-0.001736310634972148,0.10256300172153249,0.8782313144009914,0.09845374766510387,0.43096079248653063,0.9908223082562075,-1.1285775387199515,-0.480835246793762,0.24160110933909926,0.02905783610369011,0.07324536227451146,0.8543474250296422,-0.9657438129979575,-0.5123322266317369,-1.3489764158187556,1.3317968380834524,1.792807327268014,0.6606989923673641,0.3391211213119035,-1.2529728921665053,1.0750972707561353,-1.8449191488262786,-0.28338682838929424,-0.8874855541899995,-0.048431859211618224,-1.6639084940118076,-0.30296773911823494,1.5041654680483365,0.2819690993200964,0.8611719981359592,0.2992637935834529,-0.06431727255223768,-1.3136214476815633,-0.07264229987586258,0.46890816736269497,0.6494873925313518,1.5084545292883658,1.376124384985292,-0.045462173302606046,0.00643325013263059,1.353037829803624,0.1627949735265644,0.9824462745788314,-1.296140152680363,-1.9994671056506919,0.37810959986482173,1.0874030776072534,0.38223274970649435,-0.5124689488122938,-0.16048169330425552,-0.10489760301201984,-1.6270412791744646,-0.3621887472807833,-0.695307186630063,-0.6915666225932016,-0.7939489978712049,0.3244860236544034,-0.7543436941983416,0.7843924372668926,0.3971537881362944,0.6408333775015678,0.6939733311925623,-1.3527476660553606,0.0865078676329896,0.062026793526959036,-0.24622659493973406,-0.6061428788567703,-0.42834000894468216,-1.294399930276221,0.9416041965565751,0.6929126940946866,0.656227653463496,-0.5137764468155506,0.48126554336642213,0.11735253104172014,-0.9752364213199577,-1.0741729042119776,-0.8070464060179777,0.578306510909142,0.3733404385930471,-1.9272360654599772,-0.41143634545379476,0.047912418084605106,-0.7540754593659178,0.5583989936164616,1.2099701590954905,0.2734270538849698,0.39813687098169126,-1.3823353138567478,2.3476590725832684,-1.479115171965064,1.900860519854064,-0.9062555564152346,1.0902774442469183,-0.7299458926547683,-1.5740603364805086,1.3496189107904712,1.2074243867938212,-0.4925736185782006,0.8626749513734984,0.6561255737370554,-0.5445703911065946,-0.27929903199010625,-0.7119579058617661,0.04692634834258414,0.43537490674399076,0.6404370537344378,-0.9366953205748092,-1.4642636497278272,-1.3094144820175246,-0.18683644831135346,-0.778801126595002,0.6395263255526502,-0.6671373600517126,1.0673807725606297,0.810104411767109,1.3285620975945653,-1.2221410917481226,-0.36030514752855775,-0.2092877996858912,-0.3577341856917567,0.85370427897412,0.14962834679756828,-1.4454819509086623,-0.26072296937908906,-1.2406952321000084,2.1597470276594666,0.4416909772421177,-2.3433224540782382,0.3883921495489976,-0.4439221878066645,1.1720705060210033,-0.6419947335333587,1.141402908623266,-0.2639057962128259,-0.31139219953656755,-0.9557601644732512,1.3376149289198085,0.6845063206085721,-0.23192743755419237,-0.15542285735546343,-0.21961117139536104,0.07999943528074509,0.046282377930830336,0.07795668356327204,-1.3990508321090696,0.832123729040821,0.12602723375188465,0.9105417875855321,0.9792882966861235,-0.46825860598208763,-0.33209253150233425,-2.243503204592218,-0.22956055589100674,-0.19382862157929898,-1.1965851271762424,-0.8324721923624124,-0.3438431214166121,1.3653003537690072,-0.612880991319869,0.16971737293600037,1.7287082897704371,1.2946296741110161,-0.7097364102818442,-0.6103885216722649,-1.0464636486114627,-1.0344596261761005,1.8010583854828066,0.5863633426343912,-0.4980701974703827,-0.5934444496726656,-0.38349345309757404,-1.55916855559336,-0.22288934083237277,-0.3612570109206057,-0.5161838759043186,0.06331454804210887,-2.2600630493526506,0.7678188405582019,-0.5213401178595928,-0.19454170494816891,0.30702368800345387,-0.36787756078840744,-0.6827502456925879,-0.4201878982925576,-0.4743977728321906,-0.03571946434726354,-1.6687895993680426,0.05241121222841229,-1.2288079414153446,0.3230202072778731,0.4712860230414072,0.2742100350126318,0.13915436752872,0.47590192620890454,2.3823136418125457,-0.09966610741994812,-0.028518063538052675,-0.6744556092374998,1.659361863380139,0.4992996545209612,1.1973321363772922,0.3007319175487471,-0.6266274442562562,-2.485622660610335,-1.3824031521168763,0.24860745597007378,-0.47807651935126516,0.5733873889777591,1.0676514376749475,0.2678184063186334,0.011915616411043883,-2.2019874386116265,-0.5302960840620825,-0.44060803115316644,-0.05346604260523542,0.05402504723576498,1.2020161680288157,-2.0083549937172562,0.30968014992778126,0.5379969848012215,-0.08098743950839374,-1.3202597530928983,0.001712202826379333,-2.3480947964904275,-0.1542353560869155,-0.7005348825121991,-0.735760052416265,1.1349101296594941,0.23735112788720145,2.3390776642233844,1.0419649711562269,-1.806631319231487,0.6997646330461673,-1.4742747738069124,0.39143434119453246,-1.7219920416726753,2.166545896996273,1.8457246079078464,-0.38386067532290763,0.47671842713262785,-0.9046037370472719,-1.4590813796671627,1.4435461830172294,-0.42898571937571955,-1.0546862927060083,-0.7621923672960202,0.6894540659928403,1.6591036202828457,-0.8113764252831788,0.2968291769689479,0.7181816275401987,0.6287667923751975,1.2751158040028203,1.1036180482621896,0.683252862129581,-0.3355134437153152,-0.34346618215675107,-0.2138466981208528,0.06614936418082511,-1.412386760884169,-0.0511794052033172,2.580584357535949,0.48368544344652753,-0.5080889298922177,-0.9102621170671426,0.18900385939114178,-0.7199377378002899,1.6342105176644037,-2.042253084944808,0.08739862787814229,-0.03753970888666122,-0.29905501248757643,-0.46941462325727823,0.4962702105805803,-0.15111320270569348,-0.4868832592041705,1.0328833079166333,0.3843866358489383,-0.5457552085918408,-0.3375824539123515,1.2355514395997593,-0.7403874142732593,-0.781124354411548,-1.9959655689278815,0.4650346670256933,1.2994566636019038,1.419421473219609,-0.8246189370010276,0.3208217922891294,0.31804288439481593,1.2441527650007045,-1.1782862132825345,-0.5454387772506553,-0.01768824445595925,0.04431629507033975,1.432231387554634,-0.7665605602803931,-0.7873305748387815,0.6783092278861106,-1.566969036258496,-1.3801952991296622,-0.10911117353694295,0.9412683614385915,2.2587438165915206,-0.874695914968674,0.40757071148123497,-0.2016170296654085,-1.4033996101359676,1.529156204554674,1.4327048384833256,-0.2232152400988631,0.020240352239552103,0.27264529159616285,-2.1420681581057024,-1.4363469490921255,-0.03182168314798264,-0.6484839754412577,1.0263459870279017,-1.0497439502024066,-1.4525392228962164,0.37853245200599095,0.4222030190979102,-0.12194164495023246,0.0948454017236127,0.5298795074639557,-0.2503341037313987,0.19421353685581402,-1.1756095721348394,0.00653907717016524,-0.15970900501104818,1.0390195451371145,-0.14669984550763915,-0.34894225682916497,-0.5895219617171387,0.7891103273130136,-0.2988365787302323,-0.5394071671180711,-0.9963763230056916,0.09791577815909346,1.1730769142910036,0.5351111382346765,-0.79838316281385,0.8522633347407612,0.3112721736021713,0.2137443285682503,1.8747428252520841,-1.6686825183472678,-1.3344160385362716,-0.6129365594612621,-0.26703979686878043,0.9725388022970476,0.588295275142671,0.4799264862192973,1.8031969958688834,-1.1137104903088102,-1.0981832311027118,2.328002457062402,1.696224960729789,-2.199852519659949,-0.9434263194498049,-0.08062602894013773,0.4316604366806343,-0.9607590029217165,0.46598177476717995,-0.46434692718998566,-0.6255830888505904,0.7015564835326011,-1.230841634169629,0.19331073778651034,-0.5282012510545779,0.24159719811722727,0.39749724453955115,-0.4414479533903683,0.5508918943639712,-1.1898925546299064,-0.40584386959244484,0.5889777360901147,0.81442790069373,-0.5864060638638903,-0.4370505314066012,-1.4504732706556682,-0.6198361926443413,-0.11781854499386198,-0.2386361155017988,-0.8488149336074138,-0.3634554847499813,-0.06110867979327319,-1.4965432022983831,2.2177393488326427,-0.12968055486082228,-0.8017199034844321,0.539075064770259,0.5516881196283314,0.7001979024298521,0.7817026144479935,1.2544249968001504,-0.2920710740578451,1.7121283298217516,0.5318338304769817,1.115891080570376,-0.758992225947466,-0.17156997492163525,0.4905371657742963,0.7741424434073686,2.05435116142355,1.390529908791265,0.20343960402372221,-1.3515329962866864,-1.7767596533785674,-0.1060302763568181,0.05781265393168239,0.42034828995421836,0.8628638463040174,-1.017481916691174,-0.8901668293550297,1.4258823571757435,1.0175952266647867,-0.21802610141662185,-0.7776466303103908,-1.546123433500616,0.774030008395074,0.5084960531737336,-1.621975585554087,0.8310984836411749,0.16197043272804001,0.10453444144484436,-0.38413866061821583,-1.1966215042729906,1.5335566370888944,-0.36427732315037986,0.24802432812187533,-0.005014468451624921,-0.6426402875416002,0.3753102680588451,0.36090545861135287,-1.2309831304589074,-0.08447463976350296,-0.5444708723055125,-0.13769228775650463,-1.829881255401682,0.9748564446203174,0.7181339117487672,-0.41165232804150487,0.4453951037294895,0.6140216824916316,-0.1642972056741066,-0.4318923225511217,-0.13648077381418436,0.4318050159255127,-0.8645530003478875,-0.6933683560911242,-1.0709425606755005,0.49764963486168906,-0.11841000793024982,-0.20469722120078523,0.2716296099852168,-1.0530834555229132,1.6071184553445692,0.8411980564787457,2.5070840628716895,1.2034591674398827,0.4651109325749504,-0.4951286709086076,-1.0149403413590108,-0.7300281126087591,-0.8468086552135412,-1.3909315874604304,-1.0475188327295155,-0.8846894527504808,0.45083005784396823,0.5176793106035494,-1.0520812706294385,0.974013519533261,-0.04409901307540019,0.32481971195900206,0.6088884957253794,-0.7021989372692833,0.3100762411556015,0.25915522883666237,-0.3243243274610914,0.10071341971978959,1.838165058297979,0.028820203133835084,1.0710096497734973,1.0647454070387459,-0.05779171985729546,1.3746650711216812,-0.8253625894669382,-2.4315230354975554,-1.2007706620046754,1.2209113288323872,1.4712798432241345,-0.4261832032948684,0.4554593339599592,-0.38685248155428004,0.9678854251267011,-0.4419616468025009,-0.20200758452690099,-0.3903006894640455,0.5621570876084542,-0.08360312743391232,0.5517286647141441,0.08321247402409129,-1.0098892344997559,1.190311914038968,-1.1349417487294897,-0.09626262394178735,1.6143442304642752,1.336812272157202,-0.8910899565869611,0.8292204582234988,-1.609504153782247,-0.5232779603757596,0.1681446518076906,1.0024705357705281,-0.9576030252488988,-2.312957254171703,1.6736264546499617,0.4230276299459894,0.9100337775872117,1.651566211126378,1.2037717790394915,0.8405496047895267,0.07117158182957306,0.7471014536089866,0.8268211285614074,-1.5883337994353648,1.5296119132291435,0.4121611103749212,3.0736202688156276,-0.9537716797049383,1.5749678503855833,-0.015797855212551854,2.467742977761677,-0.04723054656908208,0.4628347871594965,-0.12614520418837508,1.0817387380261667,-0.4629846702059883,-0.6691713564392621,-0.1319685145910257,2.9742375884215373,0.31920131015306646,0.9892129285726378,-0.5509593897275653,0.4422922637496046,-0.5102573912635275,1.5141093940165877,-0.7792211979031324,0.07569098020144979,-1.2097839312390404,-2.2283882885536364,1.9554866796884818,1.0282244448832198,-0.6953672483365276,-0.662565978290114,-1.6270121935965107,-0.28210002823557556,1.9073532159398114,0.8745301370616381,0.015292117287851315,-0.07034670375014865,0.3199761386547038,0.5818600990553568,1.1001439144068852,0.8808434780058605,-0.6395813787983604,0.68180145943317,0.043978911819440934,-0.43632071028132474,-1.1065519222725855,0.9277637665183784,-0.8670421647542803,0.9015782488566699,0.571447112716057,0.1289756442461098,0.14411134886754215,1.0287422537665003,-0.6284573941592635,0.039606037458160104,0.5461451471850622,-0.8895779249385773,-0.5763965089807065,0.026886646572184966,1.0691823072668618,0.5283924673201048,1.0197577807485245,-0.5043844751537927,-0.63887657954804,-1.2718989525120146,-0.911011180660691,0.46047753635605654,-1.8725468392324884,0.582899345964488,-2.287854232487758,-1.1483543036852721,0.8601253666473101,0.5720533740722935,1.3567083638736261,-0.9765802298032737,-1.303920531111106,0.5118691619127754,-1.176621706072645,0.2224249419481982,-3.0817542276332097,0.49341420256965235,-0.46612930141730247,1.3572439419422322,1.5205645152710743,-0.9402374616917117,0.3187501727437837,1.052310875577132,1.7373049476777216,0.09043096318510833,1.2131988137353462,0.9120810828437775,0.3139891004123235,-0.9226692043092771,0.7849119659091292,-1.5751888176906932,2.9539883605163118,0.8614051253595474,0.1864381991444199,-0.05345186658086068,0.35109524409875575,0.9115342311252308,0.7271784011502849,-0.8427242207734615,0.26789499574310843,0.15300052936095496,-1.2570421557737903,-0.9730173768618636,-1.5335681015333558,-1.144125296983991,1.2978809660506534,0.12599589751535867,-0.47589360825250066,-0.6277417279139353,-0.9967520986246492,0.9920872425610018,0.34506555335726247,1.3935048289933791,1.1739829612593133,-0.03670383891499706,1.3172902743454324,0.24523323377101952,-0.9648822333839796,0.8912918655249698,-0.7842323894233225,0.9760379752890682,-0.49122693408369905,-0.5506225157138319,-0.41949431535173043,0.2113786006398442,-0.3932646884491169,1.4272930214147634,0.27486607252932743,0.2919772701891366,0.32105739669887107,0.7581644171060287,0.6565508418933861,0.6868038172251213,0.8591648624676935,-0.9879301294849707,0.8242880176165825,0.23390470225524349,-1.3367769900375195,-0.08671733636853676,0.5598580750790259,-1.421441780547702,1.4280106929390248,0.14984002524442117,0.2808112685468299,1.0764557866383693,0.14537302467334612,-0.011543871377372951,0.6809092841800769,0.39719412115318636,0.4918023653313466,-1.1081073149768648,0.26070676107238144,0.8557092404897102,-0.7494572492116495,-0.5270626770755721,0.453052495954989,1.6554612914555509,0.18748675034248213,0.9844872943231511,0.09728510777279266,-1.2350223006732663,0.01160958683133096,0.6084344680096267,-2.782301778677432,0.1325169490734142,-1.81222554174466,-0.19456667389605153,0.5791431704023686,-0.03421752768491379,0.60011727022336,-1.650639935857575,0.7942073607202295,2.1508196854512276,0.4488263407101672,1.4789585965956034,0.29253897669844764,0.13965363026451658,-1.3985699733038448,-0.7147884925172955,-0.5947688268683226,0.855806979635804,0.6557172581704066,1.1900627586629564,-0.6866427602363349,-1.2288237783745712,-0.8039521803097961,0.4091822160046986,0.24568300340701346,1.9088545772983327,0.7376423486581636,0.1715316091407237,-1.9368292958072884,-1.5100976062511056,1.9277600982748326,-0.038756864134020165,-0.3191384767446728,-0.09968418175129683,-0.2521947846304162,0.916134520829927,-0.7232132766517276,0.20935760128590045,1.5454573298953038,1.0396250972267294,-0.7997551430590583,0.40506892346929385,1.352693803580548,-1.0043672450529624,0.28204827595844634,-0.8584601858792111,-0.4065959355062395,-1.3363943547655148,-0.8041265909939141,0.3948395411876921,1.3003495238967688,0.8688633378278244,1.4096730828295465,-0.9315572969546948,1.3399817341224998,0.17074181795102533,-0.17989344223736825,1.68287406696301,0.2751432360431649,-0.9971766556881825,2.0584825405571223,-1.0671770422333806,-0.33740968704235097,-0.6916098409036514,-0.10383465672449532,0.24312672782089298,-0.7819093981291149,-0.4958976573413384,-0.3892271543230569,-0.45277673237020266,-0.15664705906079524,-0.30876947379068714,-0.024108823012185688,0.19871232873426564,0.8629446756825935,-0.9526510845768468,0.39922173348419276,0.8766288657506197,-0.8826040921885248,-0.5334807609410916,1.7639534452371346,-0.230722961281712,-1.2517143911282371,-0.5228470821762399,-1.4372259611112546,0.08899769933947681,-0.10178541725080568,1.384433119005627,0.156918388397236,-1.368806916039283,0.7820019238031733,1.5558569677660277,-0.2435293091332773,0.1712447724203096,-0.8707041986667425,0.20001239216333777,1.5981016476006265,0.5773232036570161,0.7327258818264384,-1.3240473101060157,0.07904537555618187,-0.2881511272428833,-1.1743276349100538,-0.7632913012020369,0.2272521825437579,0.038632226644582296,1.3261509316698956,0.8848395004572445,0.3886455207066304,-0.9885096749132458,-0.2452774126663225,0.4192578976851164,-0.6082831581198523,-0.23209261710076992,-0.19949059554221127,-1.4671647039135294,0.9786904448394158,0.4673669174039596,-0.09945274554438747,-1.0558244655933364,-0.48767180908611396,-0.5381763681132938,1.4994233289235044,0.5570396876291409,-0.15243851009893386,-0.13972736554182005,0.5854273028800493,-0.33527333882506016,0.38010123618831543,-0.5690219256886232,-0.9063213677259376,1.0466006871526181,0.847060460440226,0.6298983623952636,-0.2555724583824614,0.1862734235721539,-0.7457340326282914,-1.3809011023562472,0.9276393784163801,-0.9460984172808894,-0.3625138897265908,-0.5974080857330105,-1.0507561182073522,0.7299296395660376,0.16017338304322484,-1.2579806829131206,-0.16795369724590747,0.13229990162851715,-0.3553456503802791,0.42919946622322447,-0.841469587576729,0.14968563681597075,-0.46693624698676456,-0.5853039434004849,-0.5351477165295615,-0.5672315616633201,1.3476606419007207,0.9996584827857007,0.5869914689409337,1.621346955830942,-0.7225605539084625,-0.36362379323319116,-0.3862939307356826,0.45555537709176586,-1.0547260543267485,-0.7313267154582452,-0.6193092986801617,-0.033051489427777164,0.20908183755707344,-0.04232534784933648,1.7407041763453242,-2.8690561071219998,1.1037480026054167,-0.7159141578600126,-0.032682789553068844,-1.15677624138627,-0.09073932712287147,0.4815428421204784,0.1855296304472432,0.3133680215028912,0.3718211477121572,0.35827845857544266,-0.2933980278008097,0.07054081391386036,-0.34981980386092554,0.17224274007795423,1.427312777255281,0.9533999087172281,-0.4870847420435222,-0.3855726618741225,-0.6842294773344625,1.1961742251306682,-2.646949111493228,-0.6975031064030706,-0.1662574560173208,-0.12774172940527082,-0.340973711618403,0.42496058718959306,-0.25143649380990557,2.10504541654723,-1.3267803179804862,-0.30089084382377024,0.31782796227532256,0.5063227967195989,0.6118357422768473,1.3437477609862518,-1.4098744721960805,0.40282986705754736,-1.499562077489875,-0.942981065396593,-0.4964123725204293,0.5478660764700423,0.12584308972465852,0.6507231165851386,-1.0187840648054227,-0.6059792040377222,-0.5594920400512441,0.8123542260939928,1.3619310479892615,-0.8224480077820404,-0.8130621298122197,-2.130282251121832,-0.7867724779609753,-0.015364625489166945,-0.46647204601676434,-0.5807265379390929,-0.24870193991253073,0.3314018343734868,-2.8556705485264064,0.8322229763556873,-0.4360504649990201,-2.3009976496758746,-1.1859210283966162,0.3901496071470806,1.8165766434500281,-0.4887747764689372,0.14709878055693584,-0.2185002218886936,1.8016981039188942,-0.8867510190069653,-0.829900943911942,-0.5111797947319758,-0.5152649510299502,0.49252258697366774,-1.4805695775347383,0.22572541329601065,1.5378299327446545,1.0613813111705044,-1.208935635286112,1.8614103888896771,0.027434308224897893,-0.22027825577479151,-0.4748029772247501,0.2468138401552704,0.7159767203849935,-1.76876034623431,2.2274209259266797,0.4799452789827264
0.2261726178625682,1.2003348676380707,0.33461523970001394,-1.299388187009626,0.38208519649081213,-0.4021480461095671,-1.618163888517136,0.9268462699265374,-0.6210817705991996,-0.6450079497577328,-0.4601570927948274,-0.17159537055873705,-1.328040417321469,-1.4186387665992461,0.7272253051823535,-0.2240414037767345,-0.1325948439317256,0.03208120996523307,1.567799174698597,-0.8333623930669021,0.9207705814353145,0.22893340858023248,-0.19604986583208267,-0.9089178445363888,0.45349031105874915,-1.5395752266078977,1.6356664653049715,-0.2729616353851945,0.4931389686787818,1.2005571979372938,0.3010553644219891,-0.1442022581384061,0.2540204768376214,1.3047826104543114,0.41760723846394476,2.4488784863525725,-1.168632138449184,-0.2191432322131343,-1.4045946775880203,-0.5977445808847466,0.9724694911103535,-0.5998866970043785,0.19437480105144678,0.07880754354274636,0.4271607242607417,0.5416510531158331,0.7513065977703407,-0.2978927601819356,-0.593191489987938,-0.17256912043435094,-0.24194651606700165,0.25828861154746596,0.13921823897289765,0.9601594476155274,0.7491925490818782,-0.7558179882913929,-0.955146868706629,-0.22355620560463527,0.04728713615514849,0.0882545977309153,0.9685047526628112,-1.301033295781525,-0.7696161777114224,-1.1803875458546798,1.0756361038893048,1.2061201220211863,1.4089840642123095,0.3221476167477272,-0.7110904786513264,0.4811995920064645,-1.9674409202379306,0.14549644766701506,-1.2730874744182106,-0.12856362214089062,-1.4185192206644808,0.31034833962795705,1.375867701113022,-0.5749258969324315,1.6478966320186266,0.521680857171764,-0.21947389735811199,-0.4594727739690015,-0.18000004002924538,0.8857533416360457,0.48022010250137515,0.8263932999485264,0.9434410299372606,-0.6288581006496389,0.02927189567540128,-0.15692988053358575,0.8335654409087315,0.4435920389826416,-0.6159542462539322,-1.4817227907924653,0.6454445073220898,0.5158004400275296,0.22788226476189016,0.08054992590180511,-0.1483568339601303,0.7980998305914031,-1.4744826197398089,-0.21149351891411275,-0.259393916846151,-1.1272961247013304,-1.1845480354359228,0.017486909371764663,-0.10330270354827031,-0.1573186721216506,0.3979014683060033,1.2433012192042896,1.0646150767407219,-0.9621163420295088,-0.9115401551475716,-0.23496574012971833,-0.1257836720881048,-0.06467593658245685,-0.5195663506696858,-1.4447397678314888,0.5000476039966626,0.44990595409753975,0.8507627635542829,-0.3461123719997451,-0.13880927795560924,-0.5685670261755724,-1.1202069797605911,-0.8554225624782218,-1.0323913784951777,1.1113924324715754,0.802580530959035,-1.60992165582845,-1.038221036368495,0.21408328232670137,-1.0933774811128094,0.6839800499887011,1.4219498368792216,0.5399328043579738,0.5592546224232721,-0.7177027917917171,1.5998669265824434,-0.9452178283291865,1.097136040336797,-0.4828537464774668,1.2007697058813682,-0.9598210569832816,-1.5666038771041777,1.516466152755835,1.285209185491081,-0.8402221041228018,0.7296833893765985,0.5379367236141257,-0.8573938107087803,-0.04208944024894094,-0.014110225030157042,0.6003725424607982,0.5970396975444813,1.097837682282198,-1.2132650960628029,-1.637322548548765,-0.7915542524694523,0.1956642605770479,-0.3688152697624048,0.7320726144339637,-0.08236008520133083,-0.1761838652954405,0.6634867428323025,0.7664432835166918,-0.8831745779169595,-0.23238253840446588,-0.6237139087713515,0.19534593545537351,0.3509120789796947,0.3596209425121056,-1.2904955496347437,-0.2968919174674602,-0.9903450296392872,1.6544010284948563,0.13310531005498105,-1.6850630994481184,0.27718229402634365,-0.15664618553341003,0.3226255796054396,-0.723664940172377,0.9393202689812125,-0.1105852467768051,-0.593819570465753,-1.21404476153995,0.6908832322398606,0.45515734890152115,-0.07699991935739145,0.4712755030074655,-0.7907075296961861,-0.6747686722349604,0.5157676183816268,0.18738918995328496,-1.0947971711565772,1.1064131829712234,0.4506154232031175,0.8411934799190256,0.9288180557284207,-0.3053618321303496,-0.4883000249466796,-2.2325196300111254,-0.403928560974991,0.3268677443681234,-0.9730815880060163,-0.35394287028264904,1.1559964830462603,0.8378163384729643,-0.06575322917402963,-0.0017105724096930076,1.396363466116447,0.8552049829134744,-0.9523617158248887,-0.7081856805098486,-1.205243612222113,-1.0163823571612849,1.3276682724264492,1.0947106313745412,-0.44925585496921394,-0.20892176481337327,-0.3700513518797424,-1.6277905436585014,0.3022787203098877,-0.9522875628672934,-1.0353469045776114,-0.5235357661662954,-2.0630086673182793,0.7274554988258826,0.9004527757352052,0.07381182196237997,-0.14631404128686956,-0.7851785683181888,-0.8633327652538624,-0.23095665424352374,-0.5580152721247719,0.15273542779154076,-0.8069168945506785,0.18709787956820798,-1.5846226840877111,0.27994762998860606,1.0672121636873741,0.8009847311674132,-0.21435312457341035,0.41258548448838667,1.244412571930636,-0.16903101023862385,-0.9051222668191423,-0.178345531822008,1.9855013317058285,0.5981337250438873,0.7526410539700674,-0.05416648208619164,-0.6100410863917672,-2.4286660776372666,-1.5683946561387314,0.22071391059669346,-0.6028913308954863,0.45362495323603885,0.09702700312580548,-0.21339627049740995,0.47352431297512865,-1.5869779514645594,-1.1316063069350872,-0.7352420231218472,-0.6196366153893008,0.012909126456287005,1.2538801695332158,-1.9032856715675213,1.080384157929132,0.05964180543831768,-0.189659968423366,-1.1344124103950881,0.4212126133896926,-2.084349820562301,0.2712794024543982,-2.4016130479808093,-0.4112063805923055,0.9966096278819505,0.22152473218997557,2.3476913673593365,1.1879235733427573,-2.0899360829591918,0.6850656348951178,-1.7866756312157008,0.21815388357791657,-1.148789555415628,2.277977225341813,1.8373279487484058,-0.4503242317107343,-0.23139049522254962,0.19207581571635934,-0.6639772130316448,1.2515414936737406,0.7243091809048451,-1.0675754080065132,-1.4010053700981222,0.6650260490372387,2.0174711894799926,-0.20836189895344065,1.158712138853979,0.1922047753737216,-0.16607798915902156,1.8927210260611689,0.8163478815916204,0.011506340814593967,0.06437938258209272,-0.44456378054003537,-0.1235055652158109,-0.3539266169924758,-0.5717378236502874,-0.045620854595840685,1.821673640597605,0.005390215107571386,0.23074802829638716,-1.3455773319339173,0.12337452444064391,-0.4984724197714061,1.1278864929972146,-1.5908290152342413,-0.49774890742305267,-0.4554415540819481,-0.14068460108443584,0.12531222346913976,0.1531273751026111,-0.04305076047420301,-0.44801419506409557,0.6119029992739875,1.1020737366935935,-1.0906243167125755,-0.5028792086108873,1.5380623532160238,-0.3304390445476898,-0.0612049355619536,-1.455406170954697,0.058698000813589175,1.7404869844263995,1.531957995278891,-0.3863072079352004,0.3499367544583988,0.11320483103139753,1.5037479834154375,-1.0304092608785196,0.43388486884954547,-0.30021340059976875,-0.05398106114367231,1.1461809608873064,-1.2398713728513342,-0.7372980567623236,0.3519398915745972,-1.6614087634514962,-1.1885560006315277,0.4880811450166365,0.9782340615578907,2.601645983049257,-0.9522051900573367,0.2896677842597235,0.6661474934495257,-1.3227404708206172,0.7717582487689703,1.5546582840528589,0.07119959512965014,0.27302555006057866,0.12204151089899103,-1.4597647216559577,-1.5910206397648843,-0.4589963262012689,-0.4237678213343648,1.0962142439105442,-0.687939840376715,-1.697591275108144,-0.1766910682461035,0.09865306482207277,-0.18344098312911483,0.8724174987801342,1.2089580472441355,0.004460971298701175,0.36658626681431783,-0.8664165764055118,0.2780007099342835,0.5453892268959548,0.41053697927439203,-0.438378895630529,-1.0767986478749918,-0.5290539980991723,0.3987866100569803,0.29918531536933823,-0.293089308286015,-0.6042343226724436,-0.25320094417776895,1.7956019640162704,0.0652045376092663,-1.108217270785659,0.054846159263490665,0.5116557094749785,0.3032997182974645,1.3084535595511704,-1.1050564139506776,-1.9369609072443985,-0.2246182807246994,0.14381571925918935,1.4622155466290698,0.11638080634738449,0.7334942870039338,0.9897210873323875,-1.2179004760789105,-1.1468727191696682,2.157508044799893,1.97194692601316,-1.2167445628896907,-0.4580487501380067,0.48209440209712606,0.8479252354729401,-0.8258466625433241,0.10494542311926834,0.20910173715725722,-0.7881729681705667,1.164440221494216,-0.8172704072320058,0.9496878502247167,-0.9232688880869632,0.6467009991904079,0.31914333645894793,-0.3717688814349867,0.7221214957716492,-1.4223987367645805,-0.20991668852025566,0.24998791286766897,0.6993430242686418,-0.7802719808561277,-0.5498227501740512,-1.3627664705768405,-0.917648672624121,-0.495141296184468,0.23954192169223673,-0.5922847945461639,0.075897827224918,-0.08447057523951447,-1.5350255983862575,2.05475100828191,-0.5943624579144532,-0.46506807194456706,1.265969567324699,1.0839045515363186,0.8357121961571342,1.422067365886966,1.1825189048987057,-0.4112682927650521,1.7127492994620759,0.20722138314179417,0.7721561847502445,-1.1148003192537477,-0.6825141270859976,0.5207184931688742,0.28667105806009807,1.9874213820671405,0.8302834905214547,0.5521692993523216,-0.9312265807872783,-1.8166859617989943,-0.7747464359250569,0.6620219284408798,0.4017686244197385,0.7558355071720496,-1.1644394573915213,-0.5824754495703491,1.1792445640237816,0.2177058098826748,-0.899162498180988,-0.7169011301829924,-1.7171363005590552,0.8893044019223089,-0.18451519430662253,-0.9578336871487904,0.5293361510512604,0.790527911526801,0.05637575956909813,-0.35236458127647874,-0.30942012191696805,1.5225920361434577,0.2515833787623712,-0.05935655078675984,0.7410694542381988,0.37351258866402254,0.5502409811418406,0.30431327679420067,-1.0968642678449854,0.04566743570941967,-0.3795953134677332,-0.5726596139684753,-1.1290846137826311,0.9065240659654915,0.6657660484467868,-0.08399073255832845,-0.3583716034791994,0.3082468025512143,-0.053755293265459254,0.7184228135162433,-0.8855494993651782,0.8478616870365264,-0.4606376366270891,-0.19452651483189692,-0.994361000585997,-0.6369101344203847,0.249320069377651,-0.17692675588400208,-0.5924708299578755,0.14626978385808098,1.8394686713817858,0.7612347663483252,1.4499328090672738,0.7822607307242178,0.29120366662086816,0.20189447160285992,-1.013479532797003,-0.9441915344444997,-0.12384188109466551,-1.3518152530972274,-0.40520577706980826,-0.5311758885669905,0.7632204667415001,0.33933313831491785,-0.7353628692703307,0.9118374594370208,-0.6242636452788577,-0.044893562333747146,0.3076523561500522,-0.9859672080644519,0.2296678616982384,0.37418526638708977,-0.09271347711728076,0.35973699036371315,1.5369859705894813,0.04948746109696938,1.2728016724794098,0.2504270085372509,-0.3436248586938982,2.1281872291425272,-1.3876885250109618,-1.9872972107638973,-2.0794924042429703,1.8012547226550164,1.518689125281944,-0.6149709323009493,1.0102570762427237,-0.5354630693145465,0.36709181646340444,-0.4232041160822552,-0.5407364437837959,-0.6666547769268147,-0.01109372570422167,0.07514786929202441,0.20176730378209914,0.7779762384404441,-0.11284868557912127,0.8942939725515017,-0.40148956974956307,-0.8250600864789464,1.051389475028341,1.173760313411729,0.2549791314636225,-0.13364057024143897,-1.9682116572067048,-0.8251318636505147,-0.7704930742846058,1.0697498951554247,-0.7879821999994217,-2.984114011109173,1.892015447272528,0.8373291965232184,1.3560801861239271,1.1941153911707405,0.8732890520639791,0.8447090117959104,-0.4439868911816179,0.5762532162141921,-0.0552442225780134,-1.3219854738224202,1.7868052089426534,1.0006667412070884,3.30054373192996,-1.1237226313635824,1.7104996439350317,-0.3249036206389361,2.211237068446018,0.1770615339714336,0.8030783596446216,-0.16059510886725073,0.43858638747340606,-0.47859236569173996,-0.4107890831098841,0.3254881385747198,2.6380540776814834,0.8331739237460392,1.4663693379991536,-0.8293461403542165,0.2038156043043821,-0.6557090333255974,2.2155716382741297,-1.3086953243919686,0.7433223488467847,-1.6396470078983416,-1.7635270915570758,2.0249001814346705,0.7519608498078044,-0.30844307004736743,-0.37404632579798247,-1.0634792587779114,-0.2924968836849449,2.110848010815698,0.9090297126566524,-0.2928330157839926,-0.03432013259626819,-0.003987572159290806,1.4855935974859866,1.0074455702486518,1.7957748321502016,-0.49666109154479904,0.6326567795371352,-0.9490172590467888,-0.23783120293399415,-0.6364492166000555,0.6137720451626879,-0.773373741265233,0.8419085057429608,0.2691909369972176,0.19850255302622083,0.19417090576571008,0.4125851345968132,-0.2681670149381943,0.4570946639132612,0.7408199941266661,-0.6094421791314489,0.18965313879539797,-0.3574884113850996,0.7807927826320363,0.3403628268844544,0.7933573100530013,-1.1854253056855826,-0.5983308470695049,-0.5083099708936936,-0.9607269751350699,0.8489824147703917,-0.4563407557150949,0.4005710369174974,-2.938201571382708,-0.9208626151056797,1.092392159406699,0.13065099378130526,1.4309729517068972,-0.41087492841002515,-2.2177306041448537,0.7468031632878672,-0.7387655923368192,0.8266049177736162,-2.6072506667013218,0.6195146328737455,-0.19651555982543398,0.5256072193699299,0.8192888019977781,-1.5560917363526727,0.8692242953105872,0.5211955136232685,1.8306865990905574,-0.313735758711973,0.6830778966300876,1.2265374747978413,0.8088126963300994,-1.0435569706397585,0.5787092740984757,-1.2186558114013044,3.3732778380162527,0.9174856340636159,-0.4406548816249679,0.43699522029339716,0.7883177321370257,1.360730061443139,0.20801835655654705,-1.4348509547314656,-0.1141785253650274,-0.16918406894083732,-1.244096113773869,-1.4656584906773633,-1.2681164620487235,-1.130248689298046,1.1126812400433157,-0.03792054865414522,-0.36742563900679776,-0.44669549972554057,-1.111823452579592,0.6784082072962235,0.6481066981100233,1.7796182628403248,0.5958661111163135,-0.0352773704879322,1.5490878299782416,0.36270989526956554,-1.223141058577236,0.7438702175378152,-1.14193227991727,1.0779481339023536,-0.530739283293267,-1.2982469552814446,-0.5842957006529097,0.039198689826683855,-0.3014849382086536,1.6714009719213154,0.5632296448714683,0.2993793415554444,0.01825311693473799,0.15955275532152344,0.35944518468632264,1.0144678135959901,1.147540114914666,-1.056005497349273,0.4477972397859971,0.7064234364405775,-1.17577391746402,-0.5281308545604564,0.6355036913925116,-1.4459759061663033,1.7279983093389963,0.03171169354108384,0.6334097539950219,1.3876546219913073,0.8150762955641034,-0.6440395544642042,0.9475805902849389,0.13099740418322176,0.88866676319094,-1.3557692379310937,0.9498684109067069,0.9305782570789951,-1.54070490215572,-0.3842871193465957,0.9185576819799943,1.2121128179855887,0.6677991087528841,0.45066698736290084,0.3726096039224364,-0.5544036988781378,0.11258481030427382,0.8077838267708868,-1.6812128839005456,-0.11138272898222507,-1.538085627731773,0.23277835101458597,1.1212503377700433,-0.28852188857238303,0.7211290331268797,-2.30477237318471,0.944930925061383,1.9449069748793433,0.3718457982298072,0.934637598923167,0.774268394033217,0.40584518056635027,-0.974137052818176,-1.5723916841749552,-0.28043153016738726,0.9116729397967624,1.0248932768007821,1.5618599196756446,-1.4819412015731823,-1.1955185116901494,-1.1546757982005427,0.926816722778871,-0.20243787476123445,1.1910872206391678,0.35992673809908776,-0.17655197524327595,-1.0391033459529737,-0.9796911954241482,0.9213558723896599,0.19811340763077134,-0.2870507567121841,0.3948356029071039,0.514064954652841,0.9438396507283338,-1.0272013989640256,0.7341412061106039,1.5160707810061815,1.229652792226175,-0.8278641349822687,0.9905379616144777,0.761796933689783,-0.9632310884168347,-0.514695846312968,-0.38979999571941853,-0.2009570720380435,-1.2240620774121211,-1.438927989380187,0.1687366991544452,1.2266134953193064,0.8389345369995012,0.9186181740748539,-0.7085934958278352,1.2253327555006592,-0.24907546973556308,0.8023181588834144,1.4318596218288553,0.5240046161931377,-0.9155706396877165,2.4706040570663865,-0.9213220311419748,-0.4781186672868301,-0.9125353474888944,0.27560809035358613,0.2563996558012455,-0.9087192815240176,-0.5822509690493621,0.009844721324892128,-0.3246766636545523,-0.30810013362215927,-0.06175950612694527,0.035713529410516746,0.19943875219310309,0.9736603187570071,-1.0830151519401514,0.17432487921506576,1.0597279371699744,-0.5307092055673884,-0.45301645076198815,2.0003213529173043,-0.22540496821577546,-1.438631039485074,0.08046853910041071,-1.8465164972305967,0.7731887765023939,-0.9501098812699902,1.0255865390916608,0.3338290143608508,-1.962198137307768,1.3801840524092825,1.1741681109129494,-0.1419817380708668,-0.07627979229826483,-0.7654578723073037,-0.4656140086304198,1.0577969475636035,0.04592660421803347,0.5249468394929933,-1.5339240362291835,0.39739148788613315,0.10701425011996972,-0.47539411579626484,-0.8429692138054353,0.17684943203453996,-0.2585829128321291,0.8680222108918167,1.4054326283846716,0.12793893534329318,-1.1721070241643416,0.2199775592894547,0.16440666946249596,-1.2034236167857524,-0.15320370914289916,-0.44485977886488226,-1.1557109421246683,0.42182588178468433,1.0101080479797793,-0.8911163321819148,-1.0121607692729282,-0.0305655308068063,-0.9624998241801483,1.5046854249021837,-0.274372217570323,-0.37711247931344605,0.09589194842554861,0.341163139162088,0.2456987555436108,-0.33870872092237364,-0.1733783340875438,-0.997014765020756,0.7714388103700542,1.4231316787039117,0.30380192843760356,0.5781761595629991,1.016640307661739,-1.0029678169640734,-1.042800967890187,0.4370436811612551,-0.9512698605945148,-0.0912249478506575,-0.1286032180827172,-1.3914426110572893,1.2520843682616654,0.19635659057257948,-0.46342458402386205,-0.352857599879373,-0.13446910278103033,-0.5953948888427388,0.35698251700113703,-0.31952146070038534,0.4331070430483894,-0.2828991092287515,-0.3017371665356233,-0.5549462548810901,-1.0171226044605552,1.57005857978482,1.6235532997752724,1.1265452043416153,1.2184631630102607,-0.6922211837465218,-0.42057803949858374,0.6782236854052862,0.0185110356250402,-0.8100432132195686,-0.4316971595220525,-0.39878886571344563,-0.06649582510948653,0.1584480834181654,0.2903917812610476,1.7623131063477109,-2.705666557544243,0.7402355457283704,-1.4189554401612094,-0.1072498239907786,-1.180201687527398,0.11311534208907789,0.5822137959060332,-0.03568532280897623,0.47188385797149873,0.22753656680260215,-0.036292792882733106,-0.4058557445187633,0.3508036073364015,0.6253519855740596,-0.530453104427899,1.765247407056897,0.934365899301716,-0.38797502392291744,-1.044785585853005,0.15231019329773698,1.316047058649321,-2.798295701016664,-0.6582967976785817,-0.27934849263835404,0.28426936872480674,-0.35903220785731427,0.4529660147054758,-0.05027019427854418,1.6915695651620073,-0.5008010396007242,-0.13225315582863398,1.125125857579409,-0.12901380633788312,1.2391674247694353,0.6996772223392935,-1.2523796652174286,0.09377984475814306,-0.6573390970766747,-2.0153416671806004,-0.7816105070873824,0.8362942435218786,0.10115869231438351,1.166282992485389,-0.5171737913419976,-1.8167695263563866,-1.5837647021702999,1.3984823303304357,0.8724110607033797,0.015495916062082707,-0.43209988010123696,-3.3290275133938816,0.259893061645574,-0.6152982800292489,-0.42133122837617204,-0.6774378155869297,-0.48304602388886564,0.06065885606664312,-2.7901624080912866,0.885552422202726,-1.0121420663078942,-1.8139141348399928,-1.2658674833167005,0.822112427974472,1.2163373185245057,-0.6156587801634082,0.0923406998576092,0.2620626056151513,2.1721864809251485,-1.0802835230075578,-0.5589825761772371,-0.2945791026049058,0.3639066470933645,0.10175451423823682,-0.8573179289102549,-0.2299750598611077,1.3779794734335309,0.9106066507543799,-1.1313067613758916,2.173962625430049,-0.43239808028227217,-0.06712761690835205,0.417758475774786,-0.053010693447038786,1.0095908490474097,-1.2525217371982231,1.6085976160937827,0.5117513801412988
0.6273337303321338,1.1462270122870635,-0.16011674933339334,-0.4796995432960366,-1.920927015983799,0.40192301131494285,-0.8494936531490851,0.7535491076565196,-1.0521689258964855,0.6651462956356644,-0.16669620879787742,0.3001931023037216,-1.3550005058554824,-0.5509446906744829,0.465691248773771,-0.5861285869496782,-0.021126477216491742,-0.8547008415188693,0.011279670505442261,0.8011192881236989,-0.8720001533102902,0.3676670173148932,-0.1211800419037646,-1.8228987531940972,0.333984995393014,0.4831062879535325,-0.8494009103638894,0.25722974844638,0.5708645460481744,2.0379490443883865,-0.18628055856126485,0.1109975885226307,0.13100708587932353,-0.057659458736450585,0.7805835963913582,0.19830409786068695,-0.4573863072034933,0.3186688544338323,-0.5149983556426387,0.7671151812174997,0.4648756200980748,-0.9148701999307721,0.34089354660902443,0.5089846623914549,0.7606333531256796,2.6567437580715874,-0.40951103774177927,-0.9203963498227514,-0.3797200406816981,-0.22681909881488133,-2.6049298193106165,0.10522773952354081,1.3277486276345962,0.2676750716163698,-0.4588461378712898,-1.3302288499713288,-0.051065897665025096,0.4700734930129953,-0.26135850387528786,0.649256021129636,0.985086896928303,0.28407121353858666,-0.6311382737795498,0.6273654146913256,-0.744733928038996,-1.0490979724192817,-1.0739653261315563,2.767077732215506,-0.48387590705736705,-0.7807432631043353,-0.2506219996390348,-1.865138607592415,-1.7920235649563978,0.6836128602097895,0.20042793204376336,-0.6038247080764642,-0.6111533412667128,-1.0951776122609882,1.7065228939459458,0.9092021821358134,0.39437299504543216,-1.5498895034813311,-1.4733982774949297,-0.724590633836046,-0.7251984273045753,1.7527542046569966,0.9127328170831094,0.09220812998878652,0.36562483330041523,0.5593437926928759,0.3491718663910834,0.2352168435526469,-1.7665474902730576,-0.6000210521363276,-0.20109507303583063,0.9616576928102584,-0.5913236600418277,-0.39290622294932376,-0.281305128592184,0.49836162286826735,-1.269073214332392,0.41946987609615644,1.227865277587236,0.47394332130118466,0.5894326219178966,0.5603460460463302,1.4184352874191184,-1.8044962575532948,0.37478567789998546,-0.36724493904915445,0.7769355477586872,1.1606960459800744,0.5627469548562928,1.0105609450133957,2.0866173817042744,0.6902659777067511,-1.8182509242668559,-0.1403112915680699,-0.2552925602537735,-0.5531936506574536,0.3889677557880251,1.114416688285062,-0.33535966790947647,-0.9580063349170834,-0.5507012261494618,-1.334863876531486,-0.3670098200053062,1.0347653836344797,-0.5722216253917373,-0.2531032153163862,0.29479892119200446,0.46738171977504633,-0.32567017008763094,0.3290621215393109,1.7065576323893803,0.7740809631506684,-1.132510792066395,-0.46054042940626866,0.7180106094509722,-0.9319056289674975,1.9201133313593184,1.3043136998532623,1.056903427857201,0.3656100960857675,0.21529013602555003,1.3802356504828306,0.5426976135643475,0.16323714568222356,0.3228737961117885,0.27504450598935337,-0.040323112489548556,0.3100083231055654,-0.9939286700630063,-1.1190024581708726,1.3327393630361568,0.5205897492081716,0.6795657132841547,-0.4166360794791485,-0.012675659095235351,-0.044192976440179325,-0.23852554304571835,1.2676272950382128,-0.40572060799733184,0.19853897150597044,1.0761122540640848,-2.0352111706483282,0.8875423915304776,-0.6374675174736029,-1.1642633807199214,0.15779321750945183,0.9588473472062474,-0.5605246865502271,-1.584269538322406,1.7514377022515013,-2.5223733825588135,1.7837277698362,0.2461537618655612,-0.8039646559807933,-0.19875796391500214,0.6255132852978794,-0.04872328459681032,0.0764563460692967,1.7195639722720435,0.1875036403295224,0.654824647458686,-0.9313548100623567,1.3749101323787503,1.6046208671250162,-0.5250013280239268,0.9445533319802959,-0.5205899212327415,-0.3363592838073399,-0.3926297578290652,-1.403912066381164,-1.8595977547629507,2.203275481153073,0.23527112566424419,-0.9383188600849108,0.46549825362381636,-0.8934557158277927,0.11649469179097466,-4.006440409340345,-0.007184052616265383,-0.4782699160060382,-0.7404612053388934,-1.414382749063585,0.48499076589209567,0.3619702596559199,0.32328666522424127,1.5161121688710364,1.3912352270333561,1.700139825317812,0.32935215774771265,-0.9170037790106983,0.7831730509457535,-1.477983768407417,1.1192604673807982,1.0455730203527596,-0.7004573987024616,-1.7672906869948963,-0.3087096731415935,0.924043408363767,-1.5789223808061896,0.49564407218643586,-1.4451512900792691,0.6738499166199867,-1.9135822144159942,0.3741134353176805,0.7254803471225207,0.4978849790712534,0.907030201055297,0.5304886344292773,0.16928721079186604,-1.6948410982366784,0.836667569845477,-0.8297010947593958,-1.8307964697970718,0.40775992237748876,0.013002106321823019,-0.8735608424695834,-0.7428375699597805,0.0758607398335775,-0.9698912961794628,1.7652748287561633,0.4940379559079774,0.42595025954188476,1.0054005773603614,0.21742297403306304,0.6751736378034809,0.48082261111986074,-0.06616474676035694,1.4080798058062087,-0.4383209359120934,-2.531361269894591,-1.6349782098460703,-0.8039738206236692,-1.283387171773009,0.10651390322456708,0.3088585717409097,0.1760667054424886,-0.5453069433745478,-1.3372645102003133,-1.4755769544499338,-1.5315809113605765,0.648692852068797,-0.0365753603567728,-1.1702754599467353,0.7211517000410566,0.8615069043518488,1.3383040981550558,-0.20346753816038318,-0.42625197348860355,1.0644013098593557,-0.8373598417703777,0.40838417712222763,-0.4066585299364412,0.9530226799868186,-0.6553119249078035,0.6208290346286902,0.9263540727128041,1.3542362695844863,-0.801184045547319,-0.9533713394145943,-1.5403743081581,1.4359972935761527,-0.8227096075368966,1.6382224674482153,0.17487787146771616,-0.5050078789702188,1.0531972592140715,-1.5306425857485972,-0.23200439354665395,0.28170700481609395,0.03409532737264483,0.23764231255679866,-0.314273137681964,-1.8639957004286811,1.2480842687011786,-0.7910215403030724,0.16822875800752718,0.9238910129817012,0.011419541782989678,0.5090623661725061,-0.8464259987842802,-1.9910411021102843,2.058160369731674,0.6275657945314271,0.002886437551158333,0.4276818671133956,-2.4932809005004835,-2.0782076746837586,0.9014292118658604,1.4899102919843983,0.5199981835582963,-1.0153578314330987,0.6855722482218313,-0.02906067836068013,-0.2787140195616828,0.735586598636112,1.4780712057633676,0.9299557355830333,1.152482011480667,0.12196777990590132,1.1878673335091008,0.23780637512792713,1.012736254940615,1.4348582230780158,0.2962453443381704,1.3576676783895847,-0.45659548846629383,0.7030305678324126,0.433470088335213,-1.4561029234406178,-1.751703052393222,0.8987585947671044,1.5539098964757343,-1.4586751435693277,-0.3690747297565798,-1.3176051514468874,0.32985820046623426,0.8784492906505074,0.20476544277418746,1.4747887659217704,2.8787417476933794,-0.0811827082478059,0.34225968280016383,-2.135977649280722,-0.371661255736462,0.6190970590160275,-0.18990573422268212,-0.5284903792833039,-0.2941695759748314,-1.0535503038179241,-0.46546244136820364,0.4427064747434993,0.3304518135172492,-0.7529033077943018,-1.2542394432506623,2.357081589552455,0.564065768687794,0.47016048637191166,-0.8323518061348332,1.706495341705937,-0.9501049284852914,-1.6990018424466087,-1.6987110851199105,0.5316816159533504,1.745644283154112,-0.43101661916285466,-0.5729857425604717,-0.22131671691598953,1.119168132766079,0.8637451209070913,-0.17823034315974665,0.933903951579373,-0.012893045065417007,0.39064098842601563,-0.6804538617657537,-1.153986915266104,2.0671265938454524,-0.03318396061665779,1.0633807094470764,-0.0064004124028254165,0.19309495083848288,0.9798370612925427,-0.06253257686048252,0.5529968233197127,0.18485923876381918,-0.9037276757748791,-0.0707400502930099,0.33101651953019245,0.20533793915648013,-1.2224745474826795,0.17037888327572814,0.1136202399932961,0.901466882329485,-8.424711450230276e-05,0.10448955672218872,-0.2783687615245294,-0.8865379253389324,1.1327970071430091,0.3138758706478008,1.6228677388253112,-0.5093553327878304,-0.7117601125065859,-0.37007308515989173,1.4950043026700017,1.9442363401231286,-0.8952482778187538,0.11615885243230353,0.46374636281064013,2.2350499940875204,-0.704454340884517,-0.7818763365202381,-0.822740451069738,-1.4305587335963201,0.7837559223068169,-0.41438080147588063,0.22147166087606537,0.7009056348841698,-0.9171085477399401,0.5528471971056832,1.116376974267362,1.494700481631505,-0.1075118690003466,1.4994617985649987,0.9227242059280499,-0.3981023826073046,-1.6580306539299035,-0.4480072958405244,-1.2032290853030894,-1.0071800428118853,-0.6722368756893808,0.7419461997953715,0.8620153774495659,-0.6149013876626712,0.2555112680113226,-1.348674534956569,0.9084756638077205,-0.2086293046118776,1.8390232683902399,0.522729477610566,0.9034152022602681,0.37893356179736853,0.41168442192774646,-0.6275036104902586,0.7625372476836089,-0.22752176212621086,-1.3704104584260504,1.7129810219996744,-0.3610677410187571,-0.47910647798593864,1.267297742765216,0.4205592376548745,2.166724935611609,1.0145983056401542,-0.10398831081836332,-0.8909741828028847,-3.008346858322347,-0.1511453363764023,0.6874403468060546,-0.07372110244712253,0.26226223564057627,-1.5165350971380176,-0.4811689287052133,1.3439559545102548,0.07522929585178273,-0.07864040910810809,0.5064467482137743,-1.3847824919007603,1.3897755115206187,1.05851252773569,-0.23663654622601668,0.24569679373487807,1.201199292658209,1.6907798200953235,-0.7047908903782457,0.03521104597862117,-0.034507670583242916,-1.7226597550166787,1.5088257592688246,0.13377199105110124,0.13459958608836894,-0.2904578751211012,0.9309134845179683,-0.7267229260383937,-0.14001924166291602,1.42076558548125,-0.9070722278206902,2.0049869759735275,-2.0577485163736533,0.05537408570999776,0.8313787911358752,-0.657171070120933,-0.8425032496954203,0.3841999925697774,-1.7695338486192975,0.375089908503159,1.6135881826940062,-2.275160181570016,-0.640919754976651,-0.5918937509418165,-0.7985363304261638,0.16808826829912965,0.16985100273224618,-1.2971574052466153,-0.9855480428195131,2.0421447832607806,-0.969804369863184,1.4849455620487528,-0.04549775195875433,1.2126786358583632,0.6400167606567193,-2.346289678445316,-1.3032254057541182,-0.930108487818249,-1.5859909541849215,0.6021591866786213,-0.21962779697198373,0.6016849025051998,-0.08642375411548239,-1.42727304869961,0.7667405362669356,1.0505445925054693,-0.9996696619720498,0.47050467145281355,0.04753024274484054,0.04738540880674562,0.29745967022504965,1.0408882172548468,0.4728867471234144,0.5788466528301673,-0.0270048606258732,1.11717315358692,-0.7894141193530839,-2.1396633965980603,1.7747365422222894,0.09550892566960341,-0.2634886773138635,-0.13882147435646428,0.987268793799075,-0.5084162404841458,-1.1294863460414502,-0.5469211835078639,0.3632501523191934,-0.007663531388096706,-0.12912525796724705,-1.9636353064516117,0.09735440529592189,-0.40715318434419795,0.05437524401933188,0.8821113091377332,-0.69574995786732,-1.2835514584063943,1.2548500192440926,-0.694386815652407,-0.8870174680228013,0.8972816986343112,0.8342883521595825,-1.4489373074828926,-0.6206632327661133,-1.5525827590726324,-0.9246271528198343,0.9735034941725748,1.2892816468836588,-0.6351762736974936,-2.4652211314629713,1.199385546237911,1.3293137450370591,0.18016256370814374,1.4241393560640874,2.1087688744422612,0.9360023771328542,0.6216465209912154,-0.12790687269431536,0.6701911347977485,0.46385437132330526,-0.2033978961240404,0.8231046358401324,0.32034536387029516,-0.637138705469205,-1.117085444641201,-0.3979586754875872,1.4567416713124006,0.4696208503498554,1.311020995569815,1.2720370433222035,0.4505661780924318,-1.8274891134550746,0.6476659113440046,-0.4970422199578901,1.9146858861673455,-0.4281443150421496,-0.5176769582034473,0.44881270117710514,-0.8719856189014328,0.9619964152965804,2.0136233083567867,0.056492236353749385,0.02891052370454393,-0.7496955062235025,1.076255670838252,0.0684164157427852,0.8839772578200196,-0.04543398957658663,0.5903966317679757,1.5031146625306369,-0.07751592841755713,0.037358492960879675,-0.04275909287311911,0.38321614437588897,-0.10689652737132524,0.15958116292698352,0.2593952084913515,0.8422692905068672,2.502237665143439,0.7809797882097214,2.0814528044095724,0.14318855289573776,-1.2169593079823926,-0.35962961790661546,-0.29539551985578605,-0.7084196633710157,0.4140112003390049,1.487861555154493,1.0505148623227574,-0.1044698991794063,1.7732943286585203,0.977645915277937,0.6149674495636637,1.066849007446051,-1.0072559214692396,0.12963700804816006,0.3199763449602049,1.1815586697622666,-0.35631741008457635,-0.3662172296255313,-0.4422559184753071,0.4333234845903964,-0.5141790506029459,-2.446021935503937,-0.1767304373856475,-0.6525645362120508,1.2098471598310134,-2.5615911281555195,-0.5287497533779795,0.2687784284578713,0.5215482694757896,2.3994039146216464,2.528574235421857,-1.8100065883015866,0.4708478238693566,-0.6369002316190002,-0.35635616959445915,-1.7677691919516374,0.5149509353255113,-0.34277172185797533,-0.31895871063547054,0.40782367055074775,-0.5059890187670963,1.3986682923396134,-0.8976623079897726,-0.5739239625018188,0.8146340678112097,0.8266439874268844,0.0018502387350345624,0.19310120967992234,-0.2479635466306123,0.477180387752138,-2.5062884863638963,2.4143657232311577,0.9092619747534864,-0.0236979533739549,0.05326484991517424,0.5134883896404316,-0.09703808579183154,0.25791635456928036,-0.6510045390456741,0.6574415985506988,-0.03623538073184971,0.3187252156835052,-1.2349644286363244,-1.4052333704627098,-0.6726962568734449,0.7617182412640449,0.40470889069792837,-0.27207671769545355,-0.28480869261343167,-0.013028672657311481,2.205890967674824,-1.0108196856827363,-0.1930815749757343,0.34850496455075525,-0.9350887897124047,0.43641117030003945,-0.4754393202627244,-0.31388291979713107,-1.1248337080851691,-1.8964578458888586,0.3907339683146485,1.15901044211949,0.2588958828871716,-0.6459738066919823,0.4219114090303363,0.9965852526021088,0.0375335174824618,2.133210175047664,-1.0970819600873414,0.3510699240305226,-0.552445191486818,0.6955199005188801,-1.3071206516783362,0.09786347051152858,0.03325983524105631,1.0723378443264626,0.14658631763454819,0.7579830018069339,-1.2832388195097608,0.7652105665728883,-1.043340637091755,-0.9501602403610908,0.9479813126465401,2.286139255924697,1.9881298417054953,-0.5014830306092141,-0.46019482324715705,-0.36841023446130017,-1.215634998380982,-1.2240972944843942,0.81175112166869,0.4188236041259543,-1.903213361175949,0.6935228242713292,-0.4343641433999062,0.7453638145363091,1.273167890482572,-0.7354452408223979,-0.6417053402470332,-1.2063963446976753,-1.0032012920966282,1.7321285297182374,0.736490262681926,-0.9595423487556881,0.034389010129200794,0.3605549671895277,0.33613149697333516,-0.00595908828805111,1.2856044207734003,1.0085751234267015,-0.18906022023944394,0.23611996065560906,1.0356629767630698,-0.1935089119267018,0.16159973884402848,-0.6502904233737665,-0.5784500636442492,-0.8604523381757019,0.6896949953011507,-0.3143680832943368,0.8370514177132662,-0.5278101717204946,1.3573369614752768,1.186516280672607,-0.8369925398226763,-0.1991645919512466,0.7094275728639973,-1.0735805236077816,0.09186926095321177,0.6793660447174367,-0.17167584577002976,-0.3517210034161598,-0.5832177414336899,0.9870562463515593,0.059889040715388565,-0.02399850567893711,-1.5633801816778254,-0.012605493676036403,2.8906786966308053,-0.07612245779876459,-0.7383050263747988,0.582202328215972,-0.620448239512971,-0.10813807606371877,-0.004603766058622036,0.8179538506154105,-0.5396878682610368,1.3577617448613144,-0.04074595149936689,-1.1433633627771274,0.49655402433952,-0.32504433782259146,-0.11231524377313545,-0.0002447361450472602,-0.4886424766505143,-0.2506046594748722,-1.7665966506861357,1.7026479022533814,-0.9644705987232097,-0.01871927530517242,1.1261352717488056,0.867054542555634,0.19470192773149275,1.4882444983793266,-1.3784671471744767,-0.43014271483181965,-1.5197541582029594,0.5636699320350305,0.49503340320279476,-0.37959745889826163,-1.4728866558464664,0.36981816017624725,-0.8670739444675306,0.2039933579779399,0.21942549144932158,0.3064562982000361,-0.6748097931059367,1.324809561951346,-1.6631972886800113,-1.3543330675218297,1.5259453064862443,0.25444084940604256,0.9137252846499125,-0.22559329097808806,0.2877233093083772,-0.7238869014625099,0.5294766184509355,-0.7120461399787131,-0.11842151733164277,-0.8007774696379879,0.9608707781853881,0.5090607845975506,-2.035041982437053,-0.8376688144140769,1.7533563732304134,-0.6328168133058943,1.5728535946930273,-0.6236333934742262,0.5210855009453946,0.25874066095960113,-0.6826629238459642,-0.6245184183235567,0.8328528011149509,1.0497628529190126,0.307919091152364,-0.8957732275833789,1.2092272505289006,-0.22017338331069347,-1.2007194988980925,0.21874909165675122,1.160506645049976,1.1807649391360275,-0.8206247568959636,-1.1127669744399413,0.8628594994659291,-0.29246969835121067,0.9714322977447666,-0.8087617678867316,-0.9286385116917066,-0.17681876128834925,0.5729918242134787,-0.6165122241621793,-0.5649774818851928,-1.5444781875114293,-0.20396294831400877,0.15292304718365754,-0.12973998491984967,0.9553640195621013,-0.21954335692159813,0.13322181038992456,0.434147467331423,-0.996646877233494,1.7254014679770555,0.8655028104625975,1.2203787827485444,-0.10222742479801247,0.40315155369059724,0.9108167033680962,0.2099503913163181,-0.13694602971751957,-0.46430384938167374,-0.4064767676703648,0.039626391260907064,-0.05497492863430505,-0.18950477569728727,-2.562716781191731,-1.5450118799886114,-2.453035148019136,0.13828669570009766,-0.1557486772173893,-0.8897584781095301,-0.21906139208700373,0.023796283594561166,0.31116195333544,-0.16893214834718512,-0.4763550816735325,-0.970202857502695,-0.5003222192079285,-2.9402827498934148,0.9561024331535583,-0.1050239647034519,-1.6120932003723405,-0.31635019379030727,-0.9588166654700779,-1.230801118389605,1.2377566887952485,0.9371892770435641,-0.3041110504053647,0.8045398006757164,-1.4556116624409423,0.6469609503276649,0.5782987363393609,0.3767729927642885,0.6357327164986907,-2.6192589886346185,0.37646750830237885,0.5545730555998524,1.4389270206260873,-0.8519558900437361,0.2122056586808214,0.03228624607133649,-0.7757844503127533,0.9644911666580577,0.9973529842496234,1.1782155158488632,1.8190748736450777,-0.1331058315501893,0.6925303443866857,-0.680269222225508,-0.1490205830662386,-0.23763613397256106,-0.4185183598019603,-0.4842252045231889,-0.27002375063265327,0.34617435908944566,-1.1329960629189766,-0.30374460050457863,0.03357166602740146,-0.9105622866806861,0.2468655766578871,0.8350865981400873,-0.45290875231929767,-0.10221311303605718,-0.03998188325634479,0.9928018420314959,-1.0145495566638962,-0.058871492232770724,-0.6045930482030419,-0.29378912459613415,-1.346563416074726,0.30740398308808464,-0.7071928229820862,-1.6551796888716181,0.5316516448302574,1.0621453420627174,0.2554672875439717,0.20294409203948796,0.20479071429914417,-1.954041157697436,-1.3731231056793927,1.76047379511513,1.2383064999447957,0.8822972904697169,-0.46665044187178,-1.4210077264791658,0.1004235914483462,-0.683766853537695,-0.38156932767823093,-2.2458754641271073,-0.5910162713502813,-1.7323512706375404,-1.8856316958941632,0.40307417367857906,-0.7204834013587155,-2.609782520290556,-0.5160549836285494,1.1763052367835318,1.357940254725051,0.015222716804057347,-0.5942436756030973,-0.15148733690822316,-0.36521373064948587,0.6542490240564273,0.3509639168236874,-0.7684680790168084,0.14889123249511788,0.2982024171648982,0.5856697874969576,0.26870956247848266,-0.12444858506316885,-0.5606066739192485,-1.5790067048587975,0.15935739385621003,-1.7480113583019816,0.26123313887232114,0.07337686536138192,1.1501861149945953,3.1675811315150337,0.917723927461511,1.017673478462039,-0.6366428815883478
0.16746637658693553,0.6241832370790876,-0.7518654456100103,-0.9131161418317442,-0.22031998907106004,0.7656371483977409,-1.6617073542724428,1.2509005069548247,-0.5675207142173992,-1.1123305491835578,0.6981887010260414,-1.614595664633172,0.8487142934058736,-1.1635253059068438,0.45062099878684125,-0.09932048412581973,0.4851719519389852,1.8722893053290772,-0.0053378176653216276,-0.6290053843004708,0.14460831134677443,1.2761920356484082,0.6388156413690527,-0.0770824658119891,2.732483945837754,-0.49555691800596674,0.5791079264589658,1.1851847995105302,0.03986793309915521,0.5283163030770965,0.8245780448550046,-0.7717541945612473,-0.2984543580379482,0.7379180293603743,-0.7959594147071598,-1.0238921697965355,-0.8989677757840714,1.589448702039653,0.013816079964250504,1.1002016774809402,0.6325534232403223,0.5594422268417952,0.7545833553191598,0.6758291854022223,0.5783226558106539,-0.41582146878452036,0.05671913554875046,-0.35352380002351913,-0.29665876135881025,1.2799236986862432,-1.2831065070034462,0.02134607204032176,-0.9020279856494381,0.2655202133663545,1.2676169789724971,-0.07921499218608491,-0.6123857437615362,0.11484987939333893,0.010929876347461433,1.4262584867608528,-0.3211517389404753,0.6162265883486044,-0.5101929613892766,0.8060565157760875,-0.632632074778107,-0.9925742145514312,-0.6017235276409304,0.8507096811059077,0.05583200239495657,0.139844341071237,0.557961541992568,0.16866772931843094,-1.5271463952903461,0.013900344253042372,-0.5654664214873851,-2.117126487910172,-0.5305876128835536,-1.4842886726401434,0.9417991810139987,0.2572820129502591,-1.3866191207141756,-0.20107069665847507,-0.026152022504428524,1.394698466057195,0.3888592219061738,1.3421051153942112,1.6326507561554133,1.6682536535750803,-1.0396594220329411,0.12778429704918337,-0.14588937771816432,0.023951872661252503,-1.598045387643545,0.5139804761450767,0.5925407074308121,-0.7549806252211858,-0.7908128967980664,-0.6584232098260354,-0.20970418793087223,-0.25479735526263597,-1.497516671790794,0.15178284712852083,1.8773554389716658,-0.6939025064107582,0.5680692269799841,-1.454481179886357,1.6514869752192827,0.19867771331302128,-0.47320468937208177,0.4043172029690396,1.2122848354434212,-0.04624847719557595,0.2878525974585279,-1.1592283873882159,1.7597742195512693,-0.09803115462448803,-1.4702289675791391,0.6879038632458554,0.17541115174320165,0.093123038642952,1.2109451892043004,1.1733042379217349,0.9495199239876694,-1.0814735243009148,0.7229720002721278,0.2044999656110985,-0.10700986013092988,1.1488744892330154,-0.09687722206747845,0.2545243891747772,0.535568806199112,0.7092079610993053,-0.7804699497939843,0.5779667444260437,0.24475880425448593,0.2832216855418201,-0.1825571285689795,-2.6517551632853222,1.6843774422128857,0.4605228325033326,-0.16607193643750082,-0.8545058976329998,0.7569244458666418,-1.539142343614372,0.3642309182367377,1.4771643269382195,-1.4834301441712754,-0.5507932787576115,1.3618848255080098,-0.42796878838793023,-0.7106791142370418,0.20459460911779925,-1.362093887880928,0.43956685188352557,0.3765183631737795,0.6611119256825219,1.8724483303999184,-0.9351823144461847,-0.9233408851708272,2.4341910388824464,1.3376816510119063,-0.09123451540985598,-1.4998055690701158,-0.7281918092891722,-0.10008091714629384,-1.6817084140134775,0.87952480274471,-0.5746552620119787,-0.8773617767117108,-0.25686548097961354,-0.23753076769776504,-0.37086269476289235,-0.08625473379033854,0.7229954782505366,-1.0631417198949644,0.504117648268219,1.8512511749953706,-1.7720507104192256,0.3766991943802554,0.2198287497121771,1.6106206906583675,1.7247624914461652,0.17330768394759974,0.4304333387159952,0.1767591144015329,-1.2460060891771045,1.3877938541586468,0.7521031747027647,-0.20653549966492923,-0.4788332095827299,-0.5844213079570619,-1.0859199561485444,-0.5835311355541145,0.5379552020533532,-1.4807585997046286,0.9202075602490505,-0.8478475193765325,-2.279525459120351,0.49288607697786097,-0.6335005542415083,-0.47804331643892284,-2.0973963131996847,-0.8911405127205874,-0.3755758451055766,-0.655556897102764,-0.06350558106402604,0.007094920762533208,2.3022964330778857,-0.4587764446549701,-1.0070398698465692,-0.0321864585304271,0.24522270344362299,-0.9064819132358666,-0.26858945143414614,1.4598128082595805,-1.428894786352714,-0.12222774096952799,2.406733040939556,-0.8499884019088076,1.140713473184447,-1.1779045139047133,-0.10061690576563363,-0.7262739121108301,1.0730184235974531,-0.7536337953896481,-0.44267286667070377,-0.08713595248746299,1.3629809737394205,0.10134566922832533,-0.08933145962056029,-0.64944024629728,-1.1188736360956746,0.047305442310980446,-0.7728298051258906,-0.4413788158117323,-1.8675413698305174,-0.6657490296250113,-0.18851781194723696,-0.38385050776074464,-1.153829642819005,0.49628515906762083,0.8828327386608513,-0.546950881971921,0.3137200206845229,1.3327204909160302,1.4356538779799042,-0.11764133571530949,0.22037441375215847,-0.709882590222384,-0.3234838178998298,2.555878012098872,-0.40099349011143026,0.1207369658783768,-1.6501275397831627,-0.8127329688206532,-0.7403134967467245,-0.8899213240547078,1.2606323883066577,0.25194320748100707,1.583471386894772,-0.029397368111735246,-0.8255688073468676,0.171503092782462,-0.0697859092831013,-0.9246143589096126,0.8332664928933106,-1.2601493631589074,0.1076780442471334,1.1686643803263883,0.5135096879144534,-0.6180662595039372,0.14138334626660787,-1.449016402343146,-0.5468177138659153,1.195466456910471,-1.0142217865218954,1.377706671239477,1.5817462598106913,-0.04352369989463854,0.42269313254617,0.5725671980128251,0.45955444098890624,-0.45104252843917847,-0.4280899156519094,-0.5655708082177593,-0.4527167487027624,0.8892364588428046,1.3876133958705055,-0.9851902795837699,-0.603535822859677,-0.8643672842004312,-0.6905279181194809,-1.0868908232749588,0.0498217950974526,0.32755469198622866,0.7450214297737844,-0.3178058563264002,1.015374810867271,-0.17797118131905634,1.5902199701226352,0.6617230634635594,0.3247255331500799,-0.3740800468816793,-0.3641401447224008,-1.1652165331544695,1.5598802951582456,0.7493736412590428,0.9115362899966502,0.17335759819750274,-1.0974553919624754,0.7134096689426744,1.942218463213601,-0.6302937270798225,0.12153335607606049,0.5987008990032527,-1.1180870754534051,0.23382472856914882,0.4561720697472368,-1.3009538141606654,-1.1342565546402823,0.19817990405205668,1.1082205514720265,0.3931276608316157,0.5186163916187215,1.7717152261190452,-1.3258048318194673,-0.28208631576953963,1.5922823430523363,-0.1891511275719666,-0.65916345511738,-0.44368458605837985,-0.025272548161798237,0.1636746689082675,-1.9936721014328112,0.49815671329572364,2.1467663440128257,0.8500018299141858,-0.9744753420250519,0.32768964473585693,-0.3638417675852794,0.37912765233537893,1.5819437346615115,0.5121572973918407,0.18006911652395796,-0.16780799741645014,-0.9792322467335854,-1.659865067834655,-0.5445235950209225,-0.7123708479226908,-0.9858209180440999,0.590251181029025,-0.5006180622947314,0.17256562215705704,1.01176646002585,-0.9776325700631578,-0.7434348827979758,-0.18503116245577098,-1.510525569105991,0.0022928253092856163,1.143453131452556,0.6634309463534297,1.0866942557656962,0.589014127273742,0.3788002148821942,-0.3980935599516697,-0.4547786822983338,-0.4089676495976968,-0.7533912711641214,-1.3959096344438928,-0.4037734944581862,-0.49841286792587963,-0.35468781617317885,-1.390359628553051,0.21715297918037,0.10063278712035993,-2.0149446822048143,-0.56349163601636,0.07552460953100484,-0.2480893439952479,1.1929201040404898,-0.7423858053573704,-0.5730835449157252,-1.3701854159567974,-0.1771883975842654,0.9566713917461303,0.7327130407628814,-0.4180902086169779,-0.320178005814496,-0.9374130548812349,0.2481426403454809,0.6796252307445035,-0.4033654811532446,0.16608315798880885,-0.3411750225887178,0.6037572557653343,1.2334224077045024,-1.3149609155430666,-0.7478607104181471,0.7605128038371028,-0.8311184373527288,0.5533033109345133,-1.535855412240798,1.8803024187740465,0.7051495542571257,-2.283655064944533,0.9958724474412468,1.5285409949516378,0.38951512496670243,-0.7643992923971825,-0.19486955235630443,0.3148569429752441,1.771683785381725,-0.6011771648877653,0.3862505368420714,0.332486266664624,-0.3355384195566497,-0.06210599482363169,-0.6393835914613885,-0.5134913128560008,0.7560080802576857,0.359473587107201,-0.3839917541132781,0.49641733123185394,-0.2548620291377352,-0.7028054178961908,2.3891203311721227,-0.5425556576008328,-0.41814431373742555,-0.8908621167393114,-1.3893019208097892,-1.166152417922423,-1.2340955914183893,-1.15818903337927,0.15056300993309563,0.05853216199177863,0.0387340471213084,-0.5003840040199456,0.19965939285139347,-0.6875636049798066,-0.16533119558378453,-0.018972115363010602,0.2473491645009894,-0.6131131928429338,-0.9056877708415433,0.43315567039231917,0.2728444392145917,0.19527094535405512,1.149656979835862,-0.41603995660936816,0.8885621548591799,-0.9829303165313903,0.36474452497251114,1.0293308315244711,0.19970324081901944,0.12108819370176424,0.8877520906635987,-0.8480098052054043,-1.01946987343432,-1.1478255339578083,0.6520497215089053,0.36001056531488446,1.226853599879937,-0.6744980814958548,-1.8488873206200114,-0.4375203505628945,0.7712288262898089,0.5147729018281393,-0.6297019683037994,-0.33726106591102134,-0.5056488395311011,-0.20859797976211242,-0.01687583247419711,-0.8151405926089595,0.9675345785697226,-1.355021094463749,0.21868498653796545,0.4139663273709743,-0.09547900444644104,1.166310760671909,0.4184347715922732,0.6762916184097628,0.5532527246170672,0.7310667861113266,0.17306696947026956,1.7541333818045215,0.8393803099117649,0.6452802446452323,-0.5668063817380129,1.3667194641557538,0.4286406925705867,0.1282181664857713,-0.24258193920183538,-0.06187022756751691,0.8585586167254007,0.6900046368036151,0.43944911250804164,-1.9901323533468849,-1.9854234744462234,-0.6812777562198195,-1.1040563091827171,-1.297823012051539,-0.4869516257406702,0.1526367049225019,0.7528086274745345,-0.03705592489215468,-0.5479646331617474,-0.01379983132546052,0.015642543376296558,0.7632746140280757,1.1986783264252543,-0.31404111606664487,1.1875658031965928,0.44937511017356235,-0.10840482546247503,-1.3989975973448596,-1.1173970536569788,-0.9735020954617946,0.11591061098327254,0.5240231909486907,-1.7187201276590889,0.9268322701707103,-2.2935741694843146,0.7284923726596846,-0.24687061977749936,-0.8222479787455103,0.5985259686769484,-1.962354657094218,0.3295378699017665,0.03454491440303157,1.0783669282411579,-0.31221422429676554,-0.40930657756880523,-1.1683577681371942,0.31714074321438634,-0.8727813852575789,-0.48429989871559687,1.1936531691258017,-0.24347624773121007,-1.3285322388284613,0.9751299072356279,0.4451239333572281,2.2273612355189414,-2.3225354346222375,-0.47465443291444104,-1.1878354959689903,0.36502691445146623,0.6618497005633354,-1.450349437719067,-0.32207217313396375,0.31026870345440943,1.4087329009110092,1.536463204353287,-0.19316661704952098,-0.7026703330189136,-0.17542391375336738,-0.364562988914543,0.20376763585920193,0.2473387221121726,1.969441472551872,-2.071573662216991,-1.2832630971788053,0.08840481658518,-0.40119600760801294,-1.8201473920522921,0.8600488554267237,0.4126477758809449,-2.31139736202552,1.349260863912763,-0.7472920036847609,0.35048331379280345,1.4093098842388536,0.8423027537573091,0.036954163802503444,-0.8270818583098549,1.7994802576079658,1.2025288251570512,-0.6147628378949201,-0.8932670447961297,2.997005064009469,0.5990780380357095,-1.1682546968278977,0.25741661947161565,0.4302499623935345,1.5180572979161742,0.37594933226179594,0.8363472173549892,-0.4661625072236309,0.018045116162703753,-0.5402074815323833,-1.8905127578092829,-1.1325244281066535,0.6936701008060205,1.6722511673363654,0.4612309009023594,1.0037956453422516,-1.5326632379013174,-0.26780568639773344,0.031288844312966864,-0.21060040111943593,1.6038716633381909,-0.6635192364840337,0.3327988413631206,-1.4370742614145067,0.7978134770381125,-0.17758655528444783,1.719267872318885,1.3859971709776273,-2.30520162839786,-1.721504680882789,0.35809170612241376,1.3548715635456396,1.2089793088426768,-0.09817706963743444,0.6048415587767185,-0.20999355054007923,0.21355285274455157,1.5294249297438347,-1.1420276935952736,0.7597244618235829,-0.0967035243031259,-1.125889595618963,0.4522587095427131,0.8046397792371585,-0.3976455607852825,2.3932210360830943,1.8623778960576407,1.4463983011196027,1.1023350123530038,-1.2174335487188304,0.7031364865495862,1.8315996407263826,0.05918929141956102,0.0009431268442857624,-0.15063579560695609,-0.3041952743534259,1.224799536784489,-0.17289825042473667,-1.7907158446547748,0.9187159430879622,-0.21845659049721636,-0.2829550378589159,0.7239011924098867,-1.3651336310418445,1.5275000740111135,-2.5856361093986253,-0.8645603145513661,1.5093037450619091,0.40928415898875004,0.4173416645449539,1.677899161409057,0.29621742611483687,-0.5751830246199608,0.7456504870451316,1.1850760408741527,-1.7998652903809427,0.7765876871063515,-0.5956875799466124,0.29600900004252395,1.0062344162379673,-0.5347859435551364,1.3078470230419703,-0.892144740074739,0.4735663672475577,0.625117543849497,-0.07094194288389104,0.327926381556013,0.5461280556608399,-1.0869622632221734,-1.190725751531151,-1.6188010319689323,0.2551914727339036,1.1186404681760191,-0.07929056645792064,0.5835088065756199,0.45969942283891374,1.879901370820226,0.11840260842312747,1.010998784025494,0.8784588816234287,-0.2931126583525402,-0.21505136790433801,1.0552914065824137,-1.6527785002932298,-0.7742267735877193,0.34823794815835574,1.8061626046928023,0.6423336367304006,-1.0176185315944009,0.10662346343858577,1.9515000153533122,-0.7575459770299773,-0.14191048615002372,-0.30047887966907455,-1.4043845733899871,2.406251587153062,-1.4924944430876639,-0.07081844519554761,0.7946480550826548,-0.8955015991011164,0.6652387060057497,0.8965020974098366,-0.16320923139791033,-1.656069370962863,1.2520253401593766,0.8993059565497927,1.204522603858896,1.6534905468516539,0.6628622921832867,1.211703973973861,1.0159478952944845,1.2388618607664021,-1.775304964676556,0.04923163319777081,-0.9133548159394702,0.3663581515785928,0.48244016651783983,-0.9669464547448806,-0.3306458165677806,1.0605908151455499,-0.10303937267653734,-0.07139576670632146,0.22550623179932427,1.7517953315021222,1.3144864035596038,0.7452471372178144,-1.556056559396277,1.5860498072833842,-1.0991787137980165,0.4346488566445359,-0.7897161405651238,-0.42489843977734576,0.3052941113877927,-0.9944215687929898,-0.09208807452214754,-0.7753570337557957,0.5648694977646574,-0.9504630291322275,-0.32916712570625617,-1.0579289321388765,0.2706500778962695,-1.0505433310400782,1.0705706215369264,-1.8050181827827818,-0.2326459680705602,0.05331991407640741,0.6204252849713444,0.7393417850590501,-0.6153750910512168,0.7645751959178329,-0.6322892004622321,0.5120819260285936,1.0117774934227024,0.5104592842085932,-0.6407996464316912,1.3898410497977691,-0.13053763166161128,-1.0095456999059027,-1.597061989406443,0.3625978760968979,0.9615524163765014,-0.09295511225976133,0.7724863515567212,0.4476113774087073,1.095418673376968,0.0655018673913347,1.0117033604938106,-0.5233649361939555,1.9696512860909339,2.205198795677069,-0.04299533105770213,-0.3231933202773039,-1.8364832666747974,0.9008480947795054,-0.4001824278727015,0.8008028624883172,-0.44203796464623746,-1.7554660803308055,0.2340109304014324,-0.4116022147079563,0.078556377488175,2.172593653847116,-0.7234676734579525,-0.6988730759791447,1.5835118741900733,0.8745191672709863,-0.09693575162761965,-0.24956660512695422,-1.7096455896952678,0.5772411619852881,-0.8689822153092465,-1.073125547631537,1.0978504547626933,0.4637904595030222,-0.3221548818644167,1.032195221936899,-0.6276148034583694,1.4996772638499896,-1.6962875869958365,1.0960768278945825,-0.03787147091142501,-1.540856669701309,-0.9328684360833304,1.2103012664341055,-1.0174979060080351,-0.6285672556448036,0.3552820238065588,-0.7067439778903787,-0.8777661220685159,-1.3663123889889215,-1.0607142828205751,-0.42769385228086265,0.6755690667015981,-0.23854701829684263,0.5087231878122392,0.4593654550137841,0.8255885258118597,0.06151124816977474,-1.160791170628839,-0.477069246644599,0.44554343032067695,-0.7570952242133435,0.11771191311152152,0.8460106025531573,1.3454784465500742,-0.6883268103599177,0.9556425276056372,-0.72650235359708,0.12962173762454648,-0.41314607032504425,0.14241883484245385,0.02134697104434581,-1.818545009194629,1.4489736985964374,1.9036110015817143,-0.16133014004171561,1.8039331939151961,1.4443832919580455,-0.2889134218919423,-0.8582119941110187,-0.136264053620714,-1.671400691876901,0.48279587477831204,-0.13638210660546496,-0.5643411643392773,-1.745798482220013,-0.470496101945064,0.4955802855110578,-1.240030866289756,0.6183476345903537,2.4185830730794797,0.7246732203989731,-0.904168542497351,0.020389123445973028,0.7179161200741105,-0.6971783334171298,0.5939108937266347,0.21469349348709282,-0.4368912445555033,1.1628498175865287,-0.48942316013727993,1.1174564873134232,0.6576585647331468,0.1968818644497998,0.24718336164463525,0.007744289594082869,0.8062797122178877,0.27727303653224367,0.370283158357033,-0.1257267090097021,-0.9867968262688718,-0.8316683581232687,-0.14082411164678674,0.31890619267942744,1.4097134592086493,1.4772575491833775,1.4195682645780732,0.24369373469033584,-0.14755827000092864,-0.6581914211387133,-0.368014214616227,-0.7835197583197366,-0.23476021447419013,-1.223302782347052,-0.7194991616563983,0.3166987130459744,0.8110881400192553,-1.7134135638875196,-0.47295183116712664,-0.21943670439704002,-1.4547990081878297,-0.9796742038484888,0.12458832010369472,-1.0646827776215904,-0.08627012230547872,-1.0252778020478384,0.8456550504915354,0.5724143918186652,-0.8305964692042083,0.21940500340812408,0.049058082609538756,1.3305557154436674,-0.4380997298815056,-1.0520901510978342,0.5844488252837343,-0.5901486864230463,1.9291695234309123,-1.2841386448605852,0.46054772868417193,-0.674713441108308,-0.38704665136603145,1.8159823733833926,-0.10874555616668766,1.903520359136638,-1.1394551548279637,0.4633526144358844,-0.42785872630601585,0.10538401044764702,-0.6972309482993471,-0.437168552918941,1.4370789121707053,-0.14901248223355482,2.1216666874084478,0.7587922682451789,0.04445167626207852,0.6226314497533001,-0.783478300802969,0.2407934382428554,0.1835688533515815,0.9117840147045292,0.10815307864408781,-0.20860749588768926,-0.3379844471722768,-0.8612273574878575,-0.5952919030222914,-2.2139955102069706,0.041738396332244375,0.29420161295256153,-0.4741651102175157,0.5625825437460359,-1.0337256676615638,0.14115667279141725,1.0679769686738239,-0.3934593125764699,-2.4925581984339704,-0.5540492550761196,-0.11714554329098303,1.5470269023357792,1.680133364620906,-0.5136760611339306,0.24681371767688123,0.48339702315518596,-2.6590445839029453,-0.007719240216411651,0.45048134662987643,0.9195606839736049,0.6920066040360277,-0.8288496520631254,-0.0351901095422454,0.682413999357295,0.008072035165458966,0.1007324751097397,-0.016365168858758394,-1.277766730952423,-1.7438832130847934,-1.4136995607620397,-0.800776257476169,0.7660286015584633,-0.7838061247453658,-0.5232479961911614,-0.2933373435241997,-1.1961005295087583,-0.21932203633499647,0.23776761284470171,-0.21960032885625747,-0.05917279986843842,0.8063932524205225,-0.06361156046753728,-1.2871782244747438,-0.12499658767804663,-0.5108655758355362,0.7683939657056219,0.12082382821732275,0.9537531988203704,-0.9497747349927459,0.9271189269620812,0.5501458079008928,-0.4614223551084354,-0.15496535035602743,0.4134872319590699,-0.9127984079184296,0.364855796704596,-0.2949541466935975,-0.7887115700049165,-0.5882251935824849,1.6023323363316089,-0.8616761069137805,0.374507998786023,-1.0166959269821547,0.7736786535534738,0.7817074189804684
0.6585692451822793,1.3795075860349042,0.3330099697831374,-1.8287898737027655,-0.49134060367131904,-0.96767768347867,-0.798926535180166,1.5180971605477447,-1.100750593414359,-0.3831653582804495,-0.4990908445119097,-0.737585236674758,-0.5353770333475277,-2.4922153812546215,0.7156830542091975,0.9724401460951777,-1.0822166355456901,-0.12371743196655241,1.61396347459359,0.36934300884064863,-0.2295120192199288,0.6094732305453411,-0.08819255856220322,-0.9249821532772862,0.3962938833031376,-1.3479887212923651,0.7306568375811442,0.18085241448553052,0.6318367370924859,1.0033182819257627,-0.508894226212322,-1.080710702761271,-0.4323149324211532,1.254226067125074,-0.015097976696915798,1.685945520871186,-2.066106368798377,0.014540217538853132,-1.9725921173795558,-0.5506708246231812,1.6589611474131447,-1.199521674211761,0.23349639180323484,1.256087401687143,1.3530786818645875,1.775878197862848,0.4650572271536607,-0.43032045114370826,-0.6783034135728309,0.10543344356930491,0.020385485485398546,1.153169928407945,0.20877828059179757,0.3951278018553876,1.1372280137319701,-1.3730198341026174,-0.6883118468858009,-0.07469926424524827,-0.3269683788944856,0.31932029847036986,1.262430146901744,-1.0256463710513632,-0.3103744381805319,-1.5267526080479452,1.2872263972103355,1.3453953697498704,0.2922376172203029,0.3582126599489699,-0.9759973974074606,0.929969615942491,-1.618343945098981,-0.5676078235503179,-0.985401326399418,-0.39439731497108516,-1.438429178988023,-0.5098612227973243,1.0762977794806967,0.05110573540874345,0.7449458706372576,0.1658701642366048,-0.08971037729780061,-1.384037957886706,0.07673724385926244,0.8558862212322386,0.8199851758281644,1.2330000686714098,1.307188089649074,-0.003052972757240751,0.36172985080850945,1.3656135970662475,0.09400341091906796,1.412563056922386,-1.3994157583080309,-2.1988512662852573,-0.012734982440512296,0.9854882287545725,0.7801915674619738,-0.5919474374544713,-0.32935944099606135,-0.2615758151336249,-1.9978367719957728,-0.3776567652656154,-0.6477170729107129,-0.04361691904235527,-1.1010243925128966,0.2970959247276011,-0.6351169043841238,0.9421664922280628,0.37245198835771104,0.6339413620151932,1.019243386888943,-1.1179085264236859,0.04464099771997954,0.05454101108923027,-0.33605961422334024,-0.4468150654979465,-0.14872444966212398,-1.2746061722450612,0.821187685793176,0.5277974288481959,0.6087743710178378,-0.42514124987865143,1.0123583997209205,0.3039240298539337,-1.3388291866999542,-1.1708288812831296,-0.8609539284815386,0.7068189575027372,0.4460601091285266,-1.9905620769462797,-0.014507751880877716,0.18906376253129037,-0.526621974556622,0.8496235539232322,1.0239213528988271,0.3675653210207997,0.5683152917817668,-1.3361326393455586,1.8709749384291832,-1.2515053378497951,2.5187087871802207,-1.5654399246594632,1.397468649818736,-0.7677485657019916,-1.9804167909136703,1.444617666947277,0.9967599389059311,-0.5263903929342755,0.6857340397754027,0.8091043554049901,-0.5319765895568158,-0.10633293203449688,-0.9464824603489381,-0.030496815528545614,0.5654691706601702,0.1579009575352577,-0.9079333031464423,-0.7891131200744889,-0.4748057377277762,0.32538910672802507,-0.6305390828307907,0.9702421162880226,-0.8393719463763749,1.0761286293956465,0.8021161976644523,1.1030454525105753,-0.4276242032532814,-0.72113359050064,0.17524928093555983,-0.4784265536087948,1.2086376921386661,0.11748343540417674,-1.5172373157606602,-0.12541793405291254,-1.1245561849194492,2.2547976666451666,0.3011872387576158,-2.6108543405629914,0.4467990564589523,-0.4770394615677725,1.1154716366704345,-0.3609164729406491,1.1565256815418217,-0.5229945956149685,-0.31232524984871096,-0.6109756989710013,1.1558471602292741,1.1677247398026953,-0.4077128229884799,-0.2714522294014564,-0.484147902069829,-0.2312052615570594,-0.1050192090319698,-0.26881618685094316,-1.5705947969696736,0.41737200212540776,0.6303741822251417,0.5727658872161692,1.2030156872990752,-0.3133889000712323,-0.3603339404966539,-2.650360268978357,-0.0035606889502392642,-0.32134286498787,-1.5860431171176008,-1.376396826690825,-0.12427314494830438,1.4066077001527943,-0.9697852467085648,0.2293422998067219,2.3478820615706866,1.6108721269301776,-0.7090024996565127,-0.7084580602121152,-0.640486902889346,-1.3632975631082664,1.7887269635724843,0.699282701798608,-0.4368364496838926,-0.8237635285987082,-0.0920044715987673,-1.5591793538002103,0.06921977858575545,-0.26103769348812317,-0.15741189737284492,0.2839956331028359,-2.261200005522949,0.3753745034541963,-0.38112961644822785,0.41244754460295635,0.3544057145644166,-0.6085499756108571,-0.38669268460215606,-0.5145006564267839,-0.21788181461662998,0.01782465390399136,-1.6046640531668692,0.5813724222132403,-0.7825304842448455,0.0960882138025925,0.1925743232998945,0.37870281674640965,-0.12189205524318476,0.8889687355715901,2.53161361443787,0.18305130599575345,0.533306078701237,-0.34983649581466253,1.1517111653558563,0.3898139244013242,0.9587422793586596,0.6133423679628807,-0.6792139692906571,-1.961650606534933,-1.2656364528316093,0.16529315137055925,-0.5053817609579057,0.39284893297458895,0.9709782243797421,0.6061150018521247,0.13596481924132353,-1.9134430100271802,-0.11231939462184808,-0.4578060357905169,-0.231303107929073,0.29075836287933876,1.265408048144788,-1.6690114804882359,0.552126145740979,0.5035635241826569,0.03941833278836353,-1.364678515237285,0.07683656839936313,-1.6936160728698966,0.02716330343040281,-1.0061895524046625,-1.2507729205678184,0.8308647119493582,0.44355247519553226,2.265655736055733,1.0060509353899578,-1.7793231621154562,0.7719826641348358,-1.3151963288666986,0.6096871517063818,-1.507892209120252,2.1252557538771897,1.816120764420122,-0.6135460667090629,0.19048606606776847,-0.8610673618954643,-1.1960194857297286,0.9266650907218313,-0.5854142802889815,-1.2112394478941377,-0.7214434400004295,0.463992110333631,2.142558875202838,-0.8430897801758503,0.1500267635238604,0.6726102238760227,0.7176563926323338,1.1148695404599114,1.1622385051540018,0.4469172349601879,-0.14823994156109127,-0.43692743297144715,-0.3678144741706119,0.5453724863305379,-1.4544721228785986,-0.20254768055442401,1.9581463268196508,1.113028406367906,-0.37611903994392026,-1.1252464412061438,-0.06573754395432492,-0.6206002252329447,1.3259264616194286,-1.376803034427915,0.18631829677983694,-0.24084362835470136,-0.23138485816070706,-0.38585487620142567,0.47409036637697494,-0.2356396984906176,-0.24641900429479469,0.9369387335948197,0.15525648135564943,-0.2713063292657419,-0.845904051734894,1.3224642093072878,-0.7232302666397654,-0.972714280999524,-1.7468608389220925,0.8547231313775593,1.423685764948069,1.0048691080034315,-0.6331023251352244,0.5348225534249552,0.5319891964276928,1.546946881478981,-0.8204105220676171,-0.7270509087024083,-0.009969777863761646,-0.15155148376346722,0.8490707160572872,-0.7282372766903422,-0.4814009937777387,1.1586173208169606,-1.6134874448212155,-1.1995501936469166,-0.17731054722793285,0.9267051331126882,1.9910432830809126,-0.6457697245906592,0.26375484402293997,-0.2252386365501531,-1.1915078078907273,1.1217485427427858,1.3889904427918105,-0.09041805148042469,-0.1258323209546602,0.7173291574485169,-1.9833287946193907,-1.422880770957235,-0.10524898504521192,-0.7462134600628644,1.3011574311754632,-0.8967322562898952,-1.2105718380191643,0.190072732107007,0.954495015102882,0.08003254255959956,0.04861856458960514,0.11775608750376904,-0.44287080228468517,-0.3313484280341727,-1.270222695806653,-0.017820814820288095,-0.044022230481469214,1.1666585260077267,0.24393866585418816,0.01021236813239816,-0.8330612502644158,0.8528896914361296,-0.4556672801252903,-0.18305663808372757,-0.3221322939022134,0.05558233804717377,1.188194928246695,0.6554612630177905,-0.5622775278330527,0.7724295055178162,0.23525737885128734,0.18936250533922971,1.6368358777934144,-1.4591195851817942,-1.4294268630543192,-0.3770122487124769,-0.45480484026355184,1.0602578633628712,0.56577728814283,0.5453631727871276,2.043999231201094,-1.0807738380796494,-0.9910737294412185,2.4549565900772814,1.949386644242525,-2.4626954953369875,-0.801978035856197,-0.5498654205868194,0.6218286156404614,-0.9618909253084859,-0.10858450175804299,-0.08144942291465455,-0.02168344088391704,0.48721374423920466,-1.2295321895713434,0.3086667933166408,-0.44702814568521243,0.2593646739928922,0.155889999938943,-0.19296321803456834,0.6766574410702971,-1.0853140829173724,-0.7677563063534051,0.6764213088012482,0.4753190793311248,-0.7010387772842752,-0.10815057483283298,-1.5618024506886576,-0.8533143055080741,-0.2125392472260807,0.24820118705884417,-0.4917106145983552,-0.5310235269301695,0.041966430922032824,-1.4591516894218122,1.9997849745201575,0.4704027529750018,-0.7563660898171796,0.7195957851791527,0.5564374035130014,0.7128861670783865,0.7437499042491126,0.7035162426121263,-0.49172157062887256,1.6384860003933808,0.24469512459766898,0.9141389514657591,-0.399040311226897,-0.27113216815949565,0.4915075521269379,0.9617049183033346,2.0974994935627818,1.3929240909026457,0.41487788206168946,-0.9755565056854578,-1.5501655827157066,0.16185280168908606,0.13138283635636078,0.4662035957126501,0.7890350702083649,-1.5086212141990232,-0.5440240644537664,1.0801138989269155,0.6812305762364101,-0.24713924967062123,-0.8339134400542233,-1.3024779389932875,1.0604225203234916,0.6673919580193336,-2.316989118562351,0.775203825708965,0.14374661705148417,0.21317892586762502,0.1799556923553173,-1.2544318446119302,1.5644162437128313,-0.7837942914344167,0.08230566617284668,0.1969362647033263,-0.4977004908821287,0.615835685032729,0.35863778677822294,-1.4916913191638466,-0.6771482790865198,0.11270033294189914,-0.31142946764696894,-2.1050790914208113,0.622518634685794,0.5109774436999422,-0.07599077740713302,-0.12732096250299546,0.5226987017023418,-0.29188883170936203,-0.5821295300911686,0.24380984319120852,0.29575547707847305,-1.081581919933721,-0.6211371219129579,-0.9428089097869399,0.5103144342333188,0.1703250632626604,-0.18339199518079347,-0.14074380242814982,-0.9598845795751235,1.6712488378403496,0.8767768679979059,2.921628476267394,0.5225514705813249,0.5269533004366073,-0.045728893928387505,-0.8124074140463093,-0.6377991365275008,-1.0327149051249562,-1.3311423548157044,-0.9849933164728224,-0.2520757898185488,0.7433015417908404,0.48817640892725866,-0.7747400079150619,1.304045370158317,-0.14164756961761038,0.39296498857773,0.5796898324481248,-0.2629846783336877,0.6650969047982521,0.22125526807473875,-0.04065244395111635,-0.12257693319023857,1.5567247600410845,0.45780063682142813,0.8234842647590831,1.3249578579975574,-0.06874850815303227,1.2279361642681745,-0.9968383579729163,-2.332328208622752,-1.0093379231684783,0.8902579717296579,1.5568040004392203,-0.531241964384656,0.425916491433231,-0.39914058728958596,0.8832003496269213,-0.6531527353854698,-0.35124310047518964,-0.22890329870254691,-0.02368871241041726,0.06222565785510459,0.5272221907812379,-0.01567877340139462,-1.3746673282359563,0.9854020067951818,-0.8711568809710293,-0.041824901336101755,1.759518880199928,0.7294462201822418,-0.4654506402588396,0.5978290221994359,-1.7073978546196253,-0.6040592410077922,0.44558553535066603,1.1727194311905498,-0.7262739962443356,-2.2932066307642596,1.9576339643566325,0.2333220193136576,0.9109946100888952,1.226366867947439,0.9387773149822806,0.5626095706992347,0.15588553939674357,1.2839886494726533,1.0125268515198986,-1.6992186519053734,1.6026234901310856,0.5161440646566494,2.8121627610548368,-0.8464164870298074,1.437973876834565,0.18155937947021467,2.310753500100823,-0.5978043697834248,0.9490618402753465,0.22611476923664206,0.7199849584143534,-0.004485630517084154,-0.9191202344626113,-0.42892236099840586,2.557531294081872,0.4062109036322475,1.0482524267079774,-0.47603029601209634,0.6567329411500643,-0.7632110340741194,1.4234739842425537,-0.866841734595326,0.09675241710293574,-0.8831573015814502,-1.7906482638976526,1.6305727799016971,1.1347990362256906,-0.8442605571509847,-0.11124211623776477,-1.557530284579085,-0.15148200007228194,1.576612260472231,1.2230298519253837,-0.355002052611314,-0.3737850884140247,0.06706641073645116,0.2898115092855808,1.2859298615352082,0.9486030764109529,-0.8671937728151019,0.7449518847539779,0.23805217509667687,-0.5734488873857484,-1.4721432114447994,1.1499644011585626,-0.6158072207937401,0.7963081416436188,1.3932315520976077,-0.07299856293616365,0.7126124953799405,1.2316714802947106,-0.1737404658436882,0.06829578780162064,0.3680923897420848,-1.0734163675408326,-1.0173944641521313,-0.21914659583044624,1.2517511225017772,0.3717169439620946,0.8610120408581892,-0.6109963853940732,-0.29097821130550455,-1.2614356633358417,-1.1826310687470274,0.5748902930512921,-1.9540499762486687,0.9807887713519422,-2.0522661556615343,-0.8952446324885256,0.8222353505707609,0.5152968552411511,1.2116592524732082,-0.898464891939698,-1.32337837966817,0.4103690020806815,-1.5297043300635933,0.46534810379376085,-3.1374791007112552,0.24342306538595695,-0.5749926990093547,1.3175558237323526,1.0759091053381011,-1.188393364424399,0.4241530525661685,1.0387533097191974,1.5886127876035305,-0.06275903787375912,1.553953607276175,0.6433177126299408,0.3952995860462939,-1.279596671748986,0.3991466399866728,-1.7727606885179072,3.0184428296179937,0.5493094859997577,0.5883938996711447,-0.17648984235925053,0.3886931326636439,0.6107787680232887,1.0706835799057501,-0.7673348381711607,0.600319807798485,-0.19889527293401613,-0.9263981147727912,-0.6409766849085223,-1.5605140922954248,-1.1897325631096178,1.141031151985279,0.5922625034430781,-0.6130846032443026,-0.785260157913354,-1.105781114884452,1.1422472216626927,0.3063677537009035,1.4615168299552475,0.8197874709173527,-0.20354965956300058,1.180938359731772,0.25004236646342204,-0.8775385466499797,0.3287331578860931,-0.595445921899202,0.8061243337161782,-0.5684516206804548,-0.7726939747919279,-0.5961656114268619,0.35788459093037456,-0.7325928718258075,1.7591203584289308,0.1983944933067652,0.0541967121666368,0.7646183622477598,0.7221156952515461,0.6710610270271471,0.5426791656239884,1.1503620694304748,-0.43667561719371883,1.1926042066823834,0.05129738949815455,-0.987251436983558,0.39383314553421006,0.37210092498839603,-1.4415114767578332,0.8120467859357552,0.032376051050008965,0.13502311935700514,1.1172476132478475,0.11986184160306959,0.32664104812154904,0.6860311900424191,0.3238503157944343,0.9267714554878299,-0.9813771402858147,0.3430086812890021,0.8996227125944523,-0.7046882294751955,-0.48138100118913596,0.9112399571848736,1.808148701687931,-0.06862806074978392,1.229326457872196,-0.21930672376744004,-1.4763266827036523,0.3913412226379135,0.2372253566876501,-2.330342146412857,-0.06459582872125079,-1.8075073923853568,-0.4544189824567825,1.008118023286841,-0.020824087657712802,0.3363341013258028,-1.4334251665864977,1.2419813190208324,1.9461530931958282,0.38097913948406104,1.6086974742857574,0.48134757944080014,0.525606694668503,-1.0772453282608427,-0.4041003675383788,-0.5010733008241433,0.6056634301757973,0.6100201463700965,0.688881893436193,-0.7428042318275723,-1.2925990679244403,-1.0015353914327956,0.3970284955644388,0.15328055981229605,1.7317384821917563,0.6205644369333896,0.3351434696603037,-1.9368168547776867,-1.1659524702765414,2.2570864751095696,0.025673506126586827,-0.07742053876710756,0.09823422349342197,0.063079333170404,0.8872203653644536,-0.6930968402444131,-0.031060604611160603,1.5088224238996788,0.9403895125658037,-0.5705886810652685,0.42067557536916844,1.1541002967313072,-1.2482770375823993,0.2792922611776778,-0.9052965399173033,-0.19107015948095615,-1.1717722610960766,-0.972343828807189,0.31504569845920155,1.2652977359639528,0.518291321396831,1.4793074032395037,-0.6349168291399413,1.1957077111274788,0.19595776025392764,-0.3963597797903718,1.8001812832094826,0.7899510343235681,-1.378443540329033,1.730337782520707,-1.140321788985287,-0.09435171825417588,-0.6695433273143492,-0.6267923527774911,0.18513748447441436,-0.6637713476258089,-0.6261234327928563,-0.9039751778333049,-0.49947186262636784,0.1288290634015688,-0.3035743803193303,0.03648776691787707,0.07130076228311462,0.6990759938056603,-0.9465655174931135,0.5455280139843738,0.8847465622634294,-0.17901846939188315,-0.4245434168521944,1.9419734933565407,-0.11200627295840235,-1.2706938142748494,-0.35324840231823634,-1.7020745523602203,0.00735728786748147,-0.17153555531605796,1.0004462436447712,-0.2714538797520054,-1.3790273101539936,0.7424417129662924,1.5102470695871577,-0.03895976632033334,0.48339867717432305,-0.6306291007683813,0.08413197436196779,2.151564257725951,0.4718991346782241,1.031843406646307,-1.103208320181109,-0.030040173289069386,-0.6861941153778288,-0.8427917908325604,-0.5695247916493406,0.20115710550038687,0.15402531951763765,0.5408834043742394,1.0693591460060319,0.6842796511626962,-0.8278792135231355,-0.5517468548403786,-0.11698480434632978,-0.6275101797402725,-0.1455918692937571,0.1213557145804567,-1.6908979405282027,1.396984853551501,0.27185606742283375,0.003398404580436764,-0.9664786532719428,-0.10457396092238434,-0.4361137745273088,1.2167691055208336,0.6487789260328015,-0.013927536903026644,-0.047601147974490374,0.5969360634375643,0.16127130040310048,0.3167239828997493,-0.7413324911259885,-0.9570989353616409,0.8198727536833045,1.1737319200956906,0.5722272319312762,-0.2516475312682613,0.037289592788874,-0.49318140737034266,-0.8576632939996132,0.8078042822393041,-1.3955597751037325,-0.5267218400680731,-0.709678507845839,-0.8809887339890865,0.5711866292658005,-0.2199872258647998,-1.3004879484264031,-0.11626798645614084,-0.20065903671359978,-0.3886489639548392,0.4236290761551531,-1.132538615476417,0.22823519832341096,-0.7389618629842422,-0.6314865104821047,-0.7322775577354046,-0.7462628206148739,1.453484066890973,0.5273700179241732,0.17664780221090642,2.004913646578234,-0.6248896827422097,-0.5210568803348387,-0.008383389358955686,0.8731499723704508,-1.1469293328052612,-0.48489280783787275,-0.8090278385302739,-0.10518922998524886,0.1909545244636667,0.18185977980667883,1.5886714644995186,-2.532586630143041,1.0971937640899891,-0.6405474493388817,-0.1481024169324202,-1.643718008895393,0.17559240565076673,0.574955110211419,0.01561815168722839,0.16238486186797615,0.1562303665390479,0.2068951958713512,0.34849714485935457,0.13131556467671762,-0.055264551488468046,0.49090125500134696,1.6201655031255227,0.4449013442694348,-0.42292320367764347,-0.5198963185652409,-0.7302583520407772,1.2703824180193106,-2.8689162196740052,-1.0990856832948188,0.17948125822335723,-0.1570294138654287,0.16957306342103168,0.15009945277335487,0.2261326096389772,2.213698217501351,-1.1668577501497388,0.023793209724007894,-0.10006804985971524,0.7237237007106712,0.5598632717685141,1.4053790682087095,-1.4139450761732675,0.34395611382933106,-1.6375070965779523,-0.6202415008952616,-0.5913063737063291,0.8240670580789229,-0.1451464565850705,0.8853201023655926,-1.0706968883022316,-0.5124924876081699,-0.09759014957519749,1.1163117516160215,1.83345940446736,-0.698793512108051,-0.9110360133249393,-1.9288896432724418,-0.521045063393074,0.06343074173832731,-0.47608446903707924,-1.189384589480267,-0.5525170605303982,0.1368745883890346,-2.5675618968820295,0.6988418336052293,-0.003027664302888869,-2.1397437264045793,-1.3390930490840005,0.4091730550847364,1.7119079600651022,-0.9089706694180067,0.21322349661622633,-0.164273462082684,1.8897916523320264,-0.8476126631529257,-0.17932271451406553,-0.544376442818305,-0.5491468911734996,0.47075509266776216,-1.3799393995044842,0.3411263509535338,1.6754954657420353,1.0818975825102106,-1.3674477661521929,1.810677587228317,-0.20917942962026104,-0.05031621412571206,-0.4314781711105895,-0.06857206055311443,0.7464697148026551,-1.5362507073088478,2.1901415430210895,0.6450212685311496
-0.35308422850580073,1.3694620084606635,0.8725063043762483,-1.2458782888507942,-0.4559442831218988,-0.028727890460967395,-0.9955001745742251,-0.7611523959781614,-0.6358968372649345,-1.7251331200201985,-0.05826161717549213,-0.9748248168984878,-0.5711979522789055,-1.4491931213717655,1.522518820578735,0.3117779466919478,-0.6415498005099058,0.8561733472526996,1.0375123853065296,0.9110165156574548,-0.46953227422679,-0.7024926817427986,0.8140394725367855,0.13716769466509024,-0.06492912818216312,-1.6187043068400067,0.5442535261800555,0.01041916594958668,-0.7653117556817435,-0.16842710887050724,0.3987942614873476,-1.8147281366824062,-0.665141104752775,-0.45788389349128095,0.12127013992361725,0.45756073681976417,-0.9498703508314087,-0.02066471598611119,-0.5266379940219252,-0.4181759101299931,2.58104867888993,-0.29560617236868597,0.8698953770897876,2.948089200775963,1.237198586322365,1.1797180066666417,-0.07626526945556898,-2.0723387753690514,-1.54895626837578,2.0502008613016907,0.32424053407445774,0.17130899541849423,0.9705957582460646,0.47290786050018335,-0.7167570581874569,-1.6188451406253743,-0.5929047211194131,-0.8417565134160637,-0.10151198685584936,-0.25373144962594685,-0.72919266546078,-0.05438758763454847,-1.620413263379039,-1.255407199264806,2.2613511065710266,0.8486767861751097,0.021896127528252457,-0.23004056142275817,-0.0909383381806589,0.6692893080569147,-1.377263514466722,-1.4579155395423842,-1.9877623703376956,0.3802183766683982,0.30375011872997165,-0.5000526895836966,0.4362277571465148,0.5045501994732615,0.42949609718791976,-1.029153118358063,-0.5724478809072886,-0.993355218910295,-1.1221131737489287,1.2510239143121358,0.673356254792633,-0.32950017126018777,0.021268550081399523,-0.158971290167976,-0.4648485223462065,0.5330270625724413,0.7848958325997407,0.403505121396183,-0.8528636706170883,-1.1841669488682025,-1.329666752142363,2.2538282681493573,0.777418489316639,0.04917793735392529,-0.9487495100092782,-1.1894099259032977,-1.4227812137444185,-0.07926885362775717,-0.7396617389096862,0.6155368195444079,1.519145998084508,0.8778048346394095,-0.8441738602627553,1.2901714481622861,-0.2943451793493761,-0.17849847248926368,1.8417712756479783,0.4140467888437302,-0.3510794029907375,-1.164571635653112,-0.08338110920139157,-0.4708666011207507,0.37174926378163636,-2.17254410594192,0.6149370957313981,-0.6595591249884424,-1.0615659922773577,0.25533479063302394,1.0110266751754178,-0.6011609341853934,-1.2135619242880666,2.6810965852278654,-1.0532354636071837,-1.016027159714697,1.1786377085436093,0.059077165457495306,-0.09368676518096984,-0.44040953100774655,1.3640357555606073,-0.07282411948881026,0.5304016762806469,0.014031409814273237,0.9158901321076633,0.025323171442649006,1.3937940207121937,-1.1944003980353384,2.06932181700069,-0.22371409192088473,1.0028832981981082,1.138699493777468,-0.6311487149198404,2.527712452729778,0.000291471733044424,-1.0557430078458663,-0.9370149371177279,0.5501348208178766,-0.43208636544071355,-0.5120999745195695,-0.9203624756304121,0.15523804641866681,1.023277458273038,-0.4087219727084693,-0.044866317913333176,-0.7235202855510146,-1.2565191634049377,0.02506989866118121,0.0763653708859601,0.5484068542194568,-0.31290197749460524,0.5180693441068825,1.6779528977529434,0.22639034598798324,-1.7155921992601453,-1.1451314481781152,0.7704992070554282,-0.5025769930799696,1.0095612697285312,-1.2588290130188704,-1.4839256510622323,1.3184819549421205,-0.4849201387580363,0.08304026588491246,-1.2246003869783286,-1.9087112894263245,0.9631474448139358,1.5716734908913368,-0.22937183916701517,0.17215160242988503,0.07123521415009001,-0.2921344826066336,-0.9467842386574506,-1.0585573098655892,0.10970450955460172,1.6754613154159956,-0.06950031144121191,0.3015578267786412,-0.04231584056195382,0.4945763111503609,-2.35102938889834,-0.11708977322617166,-2.0180074423419496,0.4110778597397874,0.4352347586531077,1.2334903647287934,0.9865619885559135,-0.37880117777479116,-0.13271210413419343,-2.993023909928272,-0.1565424113545336,-0.005064485369133987,-0.37856998377531165,-1.0782909748153198,-0.5127823787066825,0.7687769401842937,-0.34809466871179784,1.412295952455118,1.70241831383497,1.349851861574486,-0.6956909531922124,-1.462343294874205,-1.4535422957249513,-0.9928443219835614,0.9561647735152077,0.9124659573123771,-1.852411103740565,-1.2378771681269862,-1.2716652519389766,-0.7601782298095064,-0.7173083782828875,-0.2772764972424334,-0.01329515354760582,-0.608058828698142,-1.4004839273332896,-1.6669929913140142,-0.42265422052332974,-0.0612123439938967,1.4592392335715152,-0.5017437295549978,-0.30133532848169153,-1.2551523101670687,-0.7714297062367678,-0.2858213184327437,-0.3499363923202677,0.8301586447112239,-0.422587819395458,0.202072143824038,-0.2048412164873676,0.889728803435172,-0.13987031690709353,0.8850005074209123,1.8541061619014712,-0.2768152915685381,-0.6425059632327889,0.08789182494657787,1.2029335236581942,-0.6972586903731707,0.13985455560666546,0.4608907882595937,-0.22238493266991227,-0.5750219576267953,-1.1010399154623545,0.09899256411476201,0.847645905914686,0.05138991619789141,1.1959925854017674,0.7158856548446489,-0.7867920428689932,-0.8066936540356819,0.05409464431667043,-0.7347299162591664,-0.24317775262300495,0.7463197424646867,0.008147375851731697,-0.4126469618997291,0.5256955538562997,1.0223667449468468,0.09399189078868751,-1.5748606286188622,-0.27608100099409044,0.5989936154316999,0.0841720137752932,0.16882925770553103,-0.5321381255339854,-0.061718421452478585,1.1116177559554632,1.8825641225313714,0.037864149998147856,-1.2572928419332294,-0.6079064396077145,-0.7664355390195612,0.942828621908827,0.6294068729974758,2.4425709770337534,1.973168865259042,-0.9019470405050557,1.5936464231247716,-1.6142407753998655,-1.6100422779904504,0.45276029016414915,0.6078073305732641,-2.276312531375758,-0.07300203940817274,1.087242734480827,1.2040585614043116,-0.234921726747405,-0.0763730742564361,0.37226194245234057,-0.646131594849599,-0.3270895500489617,-0.44489454438630105,-0.2647685140305084,0.8888922873938239,1.0736668037494865,-1.5219996176054218,0.07499624894655577,-0.09403779731975587,-1.2019723844093302,0.9557593550481307,0.29541333028676203,-0.6906207567272494,-0.9819364801563036,-0.5567030100305029,1.0667961853504284,0.8192873959456614,-0.4614968140058152,-1.3161948310108067,-1.1309801942060118,-0.19258478465420156,0.24986324613189786,1.2620116850365368,-0.4577629878511052,-0.030217814419598085,0.25821171159482104,-0.7718984532709389,0.06515697985005732,-0.9351798751033439,0.10707466680880219,0.33346794710556427,-1.8112464867260623,-0.9185651931992417,0.7202742400646039,0.6760542383243289,1.3314850101529745,0.044456454032074474,0.2626972103028136,0.7474373904764254,0.1722214830306737,-0.063837418307211,-1.0345976824733951,-0.7683678753437201,-0.32603989869960137,1.3372566595006004,-0.5671872808734902,-0.39607444314172746,1.1105976398019732,-1.2998368285999833,-1.680336180275585,-0.6150426992736527,-0.8567075068938657,1.4919847425508235,-0.8932307082270936,0.10145347386837335,-0.10274642274784224,-0.004928743543682315,0.190787823711656,1.3873805912658146,-0.8828114809469721,0.3621307376230556,0.9249502654600867,-0.65297273695975,-1.1228518989133445,-1.5385480897034376,0.5316757302575464,0.9373737970119366,1.0595477878374242,-0.47646074814180567,0.08052078772125058,-0.4717204138960766,-0.7893251847735714,0.1693246525064626,0.6847456691064704,-0.3147047375930339,-0.6768483857124307,-0.7359185305514462,-0.570085121222052,1.5559998786991782,0.1574766815380008,1.028193547382219,0.05088978211657752,-0.3127768282375952,0.031359327465489986,1.298931963509232,0.3455618034530654,0.6546037000898711,1.0855029425961427,-0.20388984179666786,0.01246748002735028,-0.9280387179179507,2.084174895168413,-0.11010230933884887,-0.02009316792507284,1.2649038228774347,-0.7156829329335758,-1.5259463067326906,-0.8828288843619648,-0.23549651377580175,0.1176324237189347,0.4578969588512343,0.7792897252338804,2.8325163876424253,-2.0027538595455123,0.3926549174212916,2.61767965644834,0.5039925185671743,-2.4140445965380324,-0.9219529240791802,0.6270451396123815,0.22875959002414184,-2.2235861914854333,-0.4619221235024237,2.0038320368741096,0.09411328612329303,-0.4833379128494506,-1.8303894028016414,-1.3426926413172613,0.06826632304592888,0.32019373612530333,0.40547851747656455,0.2809131329507841,0.1899788963494325,-0.4915036022275719,0.26960140086842344,0.6286700504836544,-1.1163853350967872,-1.3432563439626803,1.2156963167746582,-0.6304416555138365,-1.028594315844428,-1.3839939376573316,1.0319863591923535,-0.3447902953650375,-0.48006914572690385,1.0300317365968747,0.8260504449538445,2.999304258642971,1.4213853219114772,-0.10265284075603663,0.14675224057430739,0.609780032547058,-0.5830136377655758,-0.246634991782145,1.181369702227174,-0.2236952242721941,0.10804420398402895,-1.0505133553848252,1.163174658776164,-0.14949175199359885,0.5402660076764728,0.12120037228669295,1.5570260357164178,1.2819046917361852,0.06444486291918308,0.1572789840596841,0.2666928745902443,-1.0585322398146613,0.6936103178414592,0.3919785344922937,0.8621950105668095,0.3729755908279482,-0.28773119311576145,-1.6823373320544057,1.6595947468640304,-0.2746088316600013,-0.779571813490116,-1.2605698953901452,-1.8490644047581135,1.0068699842635416,0.7196237419218031,-2.7938333733057967,0.5869161500838702,-1.7328573227868778,0.0167536608493388,0.08009629780612461,-0.46941532688417786,1.3661162712276573,0.8704717253917934,0.18721269863841242,-0.4017192515980946,0.4915034733965369,1.2797319918356738,1.1726992930546793,0.8241356539697348,-0.19443084962058851,0.05823508834337467,-0.007963675514879358,0.2565809657199044,-1.3992605693431268,0.9389520884317593,1.4671168969958366,1.2030524762746546,0.22149436111259843,0.11487774501851473,0.18092959568672004,0.9020490714520517,-0.38700873233826627,0.7403210967345512,-1.013195658973524,-0.8555687089036971,0.5588633348380345,-0.8591927854020136,-0.5863719356113556,1.4618425755012865,-0.4146495675867416,1.9882745141536717,-0.4025775570405275,2.1917724324004544,0.5983509853649479,0.5444236348655271,0.670751186806138,-0.9230098086513822,-0.1207462809435952,-1.5545689609315874,-2.1176405752408454,0.5211328803226203,-0.3479246049529352,0.5730359838163519,0.9600804566627338,0.2138931929740036,0.8436307629902375,1.0820971489001938,1.680552194116617,0.9092653480102807,-0.612948802451973,0.6298918765893572,0.4855242936850083,0.5366537468827788,-0.40037928920191357,1.8865518136956003,-0.726864103905509,-0.5972405496029037,0.5564066994990711,-0.29052531807523063,1.192144176202661,0.5687830922899377,-1.8225749997794685,-0.622965492029833,0.9825570262004261,1.1020707961397405,-0.7971289864968117,0.37225534718872166,-0.7721056943791537,1.1979092792963906,-0.5488805231761186,0.0023172309442512726,0.2042901833932323,-1.1573311849437313,0.021869930734256558,-0.25541634372649685,0.3901187943242276,-0.975478693250787,-0.4671246590909639,-1.1213623161747548,0.5248148893474769,1.2356612721297233,0.50087436949597,-0.32741085400064196,-0.8866479487246951,-2.306377086595103,-0.6508034853584692,0.2162191242411007,2.7191188613044206,0.2684350363187786,-1.799549279885832,0.18570568256663214,-0.2619953326846635,0.6152794625828665,-0.8004993029825886,0.7082106252015944,0.6930848799030931,0.03973544659360606,0.3549713243121206,0.24085111485442912,-0.1763578829509703,0.983843095628933,0.041784645238839915,1.5720933767979246,0.7742881238139754,0.07026866582914741,0.4680824031804947,0.5270045925871647,-0.9466428131739935,1.1084758294172639,0.6178306914116742,-0.04885113938116071,-1.4602712433287968,0.9903807344541732,-0.08744519322658055,1.351328287881968,0.0862009419938742,0.5422452056577705,-0.20313547123773049,1.1513953655435714,-1.1074674457610427,0.27673223430152455,0.6657543582165478,0.26097792775582557,0.7549232985856725,0.1300219793125005,2.04966370446947,0.620824480138199,-0.8593503177973818,-0.4706297015070012,-1.2864052024698955,0.591382018407702,0.5137769106993224,0.4621176043021265,0.29206375533633927,0.5868762532386826,-0.2081629643003248,0.9879743938771386,0.44505769472431256,2.186898073297921,-1.027698697392201,0.3747471654116184,-0.1514551493181782,-1.665093760837612,-1.446174812069779,0.660106379005089,0.023029368349701432,0.5279754689666273,0.7900087351952321,-0.785662968003101,0.18992475047135238,-0.12399087898208228,-0.06253985348794193,0.6910802004196372,0.7008598250213943,-1.3689897341967379,-0.2520813556153194,0.12237326659143735,0.5227204951106316,0.9779100210655367,0.31738249621414677,-0.7522935834187754,1.0920428038117458,-0.47176427735533055,0.04784888055290322,0.4455028265325165,-1.553805556894371,1.4341372203049605,-0.9070784615149527,0.0009317900478795915,1.8193486560994039,-0.37447489471293416,1.904241794503066,-0.9088915107709905,0.18251023003203232,0.16044065790110004,0.37506152513972757,-0.6369846304662081,-2.8489062397935516,0.8331634406195567,0.5065576061618547,0.19949393391696102,0.7155185530252756,-1.2204108769391502,-1.0067630323667949,-0.8097111381040163,0.4967792780066639,0.255829375231705,0.35512300170717337,-0.2512337117017682,0.49207225029278984,0.16902639650709722,-0.5822431935730147,-1.2883935653949348,2.114836733259847,1.4564610955511639,-1.2923973608068338,-0.6072558240744949,-0.7170430000393394,0.4693643246988586,1.7813854963757014,0.13843199967134623,0.5817450210028973,-0.1575269372691199,-0.7907205649802378,-0.2550623051870347,-2.681101850038176,1.4074057851418262,0.6456660040545406,0.9383666412116581,0.649968941446854,-1.1902213641565487,-2.9057593624614495,0.32517958253476675,1.432125489443706,1.0437441946878643,2.3512080239803117,-0.14731853719596777,-0.5869689468099194,-0.645177126262383,-2.1470721653075353,0.6091035385621086,-1.023118884132954,1.691757250066659,0.6467154301555174,0.6329640970624001,-1.266295489760654,-0.41955325131672094,0.527217955830141,1.4445179010734461,0.770219808275728,0.8894977649302523,0.1142409283279136,1.335528317338658,0.5086754511327819,-0.7713730988861746,0.607213552111114,-0.21619786494086235,1.7575754808585002,-0.9306055819000526,0.04741590821013864,-0.23554459118190044,1.2813606022985364,-0.9408622630766261,-0.09421570104508323,0.47375772616475836,0.4378160815796776,0.44154426169424416,-0.30224034427093804,1.1564669135210224,-0.1661220072015316,1.3787649029726106,-1.0573759814326371,-0.2446214252565875,-0.42466103360646534,1.8094022163094234,-0.8503992690523514,-1.620915793721648,0.256400745444858,1.8885865295586588,-0.8148544966544157,1.6652308130435012,0.7294045452362591,-0.018241317667141023,-0.04334027519661895,-0.19157176942290244,-1.0414246731152184,-0.042784162874782525,-2.1280148463798056,-0.015264782642957707,1.0711361868405478,0.319819795663654,-0.8681686872703926,-2.565325433508032,-0.09951007784073165,0.6141801855071211,0.6927055553773411,0.08982685564291405,-1.3348588367452974,1.2241786569062774,-0.5335189873337266,0.7886345753210953,0.22539768849694874,0.8882555255490173,1.7868345645503059,1.0700484796490028,0.3659407314957243,0.058049439328682444,-0.5532087755896479,-0.8844041553858338,-0.41943772846957567,1.291959909338599,1.5164499209566964,-0.06491450836277776,-1.2795884226156802,-1.8126169369034046,1.080542861804171,-0.41008486693951074,-0.35681117032971976,0.7071289426010868,-0.49032462945622673,1.892361095528382,-0.4708005487981763,0.5349941355509849,0.7833376941432639,-0.12208719301401781,0.14343928138805048,1.118986040546192,0.9242383592107636,-0.8875017504238135,0.7876725410526909,-0.8658788110874791,1.1148487113285672,-0.8015969876039194,0.41205491439548303,1.1699278801514186,1.135391141521122,0.6737918138087323,1.3338939116629465,0.36633031544287287,0.05225959713038309,0.4815469966276708,-0.24929361001714767,-0.44047000146425314,0.9692801745752381,0.6223108954105153,2.2899601452589913,-0.460728975930635,-0.33794306612008435,-0.4435656062094629,-0.6937994400175395,0.17960670107741503,0.39591355135072737,-0.25996563752907614,0.4039085459269734,-0.28466867689835956,0.831959257951174,0.5631290304375259,-0.07230644242068629,0.8659773750746278,1.0348670683528423,1.6199550750411433,-0.643637987958808,0.8619654257746816,-0.185168869244,-0.6809129976878322,1.4471463835400578,0.39621042850570876,-2.187287405105013,0.6475424230581264,-1.1275622886989862,-0.13873156948991658,0.26760805668439264,-0.13573593818576538,0.4299417766348111,-0.8023708573043807,0.05936699466429425,-0.03750710009372014,-1.6923305837595286,1.1230665181570176,-0.5877650818055056,-0.2855101180970728,2.818975851450766,1.4302841120219116,-0.6933140389875802,-0.674085299833254,1.1454593575050707,0.20012133984288033,-2.4310491547282336,-0.5772928697143587,-0.0839910789104526,0.06359251194632673,0.16426598519178928,0.5845115857512552,1.4287293129472936,-1.1529905063592012,-0.3362723940119831,-0.18046798090956337,0.19435626384255297,0.22759980032651705,0.06051503003162576,-0.5044123147149352,0.6466359544462416,-0.992828900385186,0.0008846699099211937,-1.0160025184231554,1.641255241452696,1.4665666057551954,0.5889860438981773,-0.34813614718224406,0.14088012652019427,-0.746933956856842,0.3325407131744281,-0.6918391097057491,-0.13880524750599263,-0.09502312855436243,-0.6967910345695364,1.5280319706808514,0.9440428629459257,1.0319209196238115,0.31442411178346263,0.9440205471966325,-1.389283320270097,0.09558741327623722,-0.24406701686042323,-0.9202633814575294,-0.4619581966012022,-1.0438034533164073,-0.4638340259389117,-0.8319329640939676,0.51619451793916,-0.357494341126578,0.029431840810530012,0.12196053437663751,-0.5093182148341802,-0.3799171938949492,0.055240007993139634,-0.3798813066743518,-0.49116102604707296,-1.0238337101449082,-1.0050051705317207,-0.4015097056346333,1.249611634570811,0.07790049004424157,0.6389375212783388,0.5405582339918555,-0.17989423310215463,-0.6102179615583841,0.029169997934738845,0.08219066041888615,-0.08204969593541338,-0.9690254792923968,-1.2534543547789017,0.16688890530066722,-0.14893239113860784,0.6074304646869674,1.721848041450636,-2.5248532670895028,1.4804996340934513,-0.6572376499046507,1.540095267379448,-1.863364530907975,1.7955775910753082,1.01646017323719,0.4703501613949701,1.5256983407269669,0.27457480338875095,0.458877117799176,0.7771070909489024,-1.0678980757455607,-0.19177429589116682,-0.15408442386620663,2.2147587347623716,-0.14867834407665959,-1.0650443472685862,0.9875496384295703,-0.6355257973391386,1.8101411385462216,-2.4480935825863117,-2.5355048451129165,-0.19639422481311478,0.9571727450842445,-0.3454187251035408,1.114203278770896,0.08605829536716574,3.0848567081190343,0.23305718448970378,0.7109058672287929,-0.23472711979296848,0.4959966013708166,-0.2391883644057311,1.4058708314599475,-1.3289829692696877,0.12042291191788344,-0.4475640711776057,-0.7663562747203069,-0.13788152130240228,0.6196993451920365,-1.0622043374445191,0.31412375786984265,-0.7751115742376516,-0.14410178922382672,-0.47169498451133995,1.3837738244757185,0.8214571816664137,-0.3027802163542645,0.6825132996144603,-0.12160262916683394,-0.3058095060881357,0.1919920776612931,-0.8248519452765475,-0.7618488782054225,-0.30809866934202035,-0.2500458202852277,-1.9906452877495049,0.2681972330228003,0.024158506869309867,-1.0536829147564741,-0.2071832032026324,-0.3965509013695426,0.6103721374581154,-0.3071121389174343,-0.841067662681469,0.339077274163937,1.6508704250589337,-0.07071750289515401,-0.17712979665914552,-0.7970604004062071,0.7260353609630603,-0.8041206561333327,-0.957569918479861,0.1846485254291105,-0.40097538365903884,1.1850622939342579,-0.6557369607367091,0.07419987643850622,-0.7061939573940514,-1.6326393463652331,-0.6584301576351008,-0.01802282577613275,0.8112890525896062,-1.4292948134960164,0.8289889359138828,0.5783538777776306
-0.19621416303488015,0.5581474559577189,-0.7052837613330308,-1.098976287229401,-0.2391790450862415,-0.26077811274179546,-1.9109829766637911,0.3162283958748114,-1.1862397076439204,-0.19742499309196915,0.40190317427418515,0.04242315471959163,-2.3030330362957288,-0.4073529451017758,-0.031756991385401806,0.02618840270669217,-0.1393542434492533,0.367944093536522,1.7423248486610219,-0.6474667811887683,-0.4837614350863902,1.0676183374966848,-0.6397016586860659,0.36906662195240925,0.4537784224121348,0.35790512590083645,0.8805008681661385,1.1582246557527993,1.046578359340561,1.6382104241056656,-0.9624631767186373,-1.2006821519657662,0.5946765255547278,0.6517352213533318,1.3417198246814996,-0.8260338489311545,-1.7061799914615223,1.0511220334397124,-1.857101420497482,0.48932940147395415,1.0124889729816569,-0.9143875138532985,-0.6197486563912264,0.19269737865772565,1.0405840057246705,-0.07886005755106267,0.030886781179844208,-0.26161708455227384,-0.2188758720022843,1.4439863213002202,-0.6184077506336798,-0.0025566672964863826,-0.11271046629428386,-0.5939967234558882,-0.3057717456059844,-0.755631692649953,0.3117456332621955,0.6717350671766723,0.5597559248903831,0.13135225204115208,0.6560489540145638,-1.908106808463997,0.3383636568287517,-0.1234266345401077,1.0330801418332856,0.5380691787499976,0.6521082597561939,1.072766149961249,-1.2546860833583002,1.5266281799747392,-0.5751691479228114,-0.5461410592411202,-1.1855759565552415,0.6229388382407512,0.4976579103214315,-1.2774189169488628,1.6774336983377354,0.24250970436579333,0.8646542907485119,0.3465062498907259,-0.7740216720970663,-0.4324054404095785,0.45598410844758075,-0.3397400101860048,-0.4151796512896966,-0.8561234386660572,0.4970514283254266,-0.7070812151125438,1.9129402441892418,-4.955650408413551e-05,-0.25074831804118597,0.8277844254608123,-1.1900462170313126,0.40170109414962896,0.27223531948358165,0.4519561240685207,0.10480154930242913,-0.7130367582859397,1.7828299125469915,-1.1411603546454843,-3.166489717278403,-0.3956419983892426,-0.17029831487831693,-0.7144180212955635,-0.632864911796763,0.5118004378480875,0.9348901026163835,0.7482764350699892,1.2045198318729595,-0.12527435519837674,0.1761908778259787,-0.1591729960586335,-0.2711179743786643,-0.04130536235457316,0.044064856888869845,-0.06555230426481254,-1.076709838452854,-0.05033980022776534,0.06217162582908096,0.14495642038156395,0.20746713710843911,-0.8579426624382676,-0.7608515665870849,-1.0614314623579053,-1.1158870110031602,-2.6375761931614097,-1.0409692154094545,1.4465151271987418,1.000702226249228,-1.8140718512018703,0.35294737639332946,0.7330754318433967,-0.7751840888162156,0.37810164715002464,1.2384581211055614,-0.7515663471305911,0.7469154789825906,-1.6024403688500748,0.5108054621376038,0.44972906196920687,1.3151285210758539,-0.9811816317942638,0.4484189237608103,-1.3459773792628775,-1.054914508952052,0.6438045666025777,0.8080179034746088,1.0696782268463183,1.8848431334417588,1.4226002439609906,-0.9424326161726662,-0.8745398006067885,-0.017434717111911135,0.05242373949468627,1.527085908698135,-0.2730371240190304,-0.08538758882614994,0.5726218686719985,-1.1771170674392677,0.5100406019215745,-0.4901170016715607,0.06436906468760369,-0.788294226718267,0.49878770351977997,-0.41426872540407006,1.808317823060715,-0.5347712899375238,0.4187072289128823,-1.011411862562615,0.5274180099142706,0.6464417882042804,0.1568665290142838,-1.1663634933723699,-1.4409424950877856,-0.5106832829518873,1.5807153046055629,-0.2234934385892172,-1.6796930294992753,0.29074653245292376,0.10748127191904505,0.08183205749385714,-0.520204425328159,0.2650171614335877,-0.8525264281548977,-0.7354265567417146,0.2141434130391134,0.8429819637218547,1.5097950311357555,-1.5116342145540913,0.8100713373369834,1.6234271978542931,0.7920287007364084,0.4918180601344704,1.202880387610156,-1.2919688108193008,3.058946482529995,0.2928449396585551,0.7094129755203324,0.6146161009415431,-0.030884781744148115,-0.34781993171403774,-1.6206562191387854,0.6813681077314361,-0.6774283559783985,-1.4354906941488739,-2.0663723002039367,0.2325958852134502,-0.39173911446301934,1.082534182501302,0.5112289307266397,0.8395533696395243,0.1926228736477091,-0.8660550359144816,-0.8838343318265207,0.10211289851739061,-1.855316062559165,1.7771276504561275,-1.462762004026228,-0.6178940145036356,0.34045801609678533,0.8827688411536081,-1.3473776982644656,-0.26916832601990043,-0.9409712309013815,0.6642864944630876,-0.6743932801221836,-0.5688375738611172,0.2245472133135082,-0.09006444878988346,-1.0051194440776519,-0.4649989727032372,0.9818322716598702,0.32204481358394704,0.2612427858211133,0.21796231224438756,0.602746343925325,-1.6259410331793107,1.1390729328635805,-1.5884510284037887,0.025881819553193682,-0.9509739539467909,0.0867693581892164,1.1895880556573728,1.3554050562281528,2.66684765240709,0.5664164637672948,0.8319091173898238,-0.886066449207104,0.15682232843435276,1.7835135084056588,0.4303164282611652,-0.5297307609907808,-0.006145193174775312,-1.6430135091780702,-1.316626938419529,-0.2872258659839177,-0.7301769750569036,-0.7152333385168389,1.4609147059068646,-2.475657867675145,0.011099206729698982,-1.3117999345352767,-0.4810150703168844,-1.8806643357995956,1.3629109925818297,-0.36739120830501243,0.08530896308150183,-0.43371914758654967,2.1213832991840933,0.3430086687812171,-0.9655803540194803,-0.21823519291485305,-0.3133084902227965,-1.8917052158253371,1.418624040737599,-1.823157427981539,-0.45290562728311795,0.7899545044939634,0.2709285423760781,1.3069717554491747,0.5136574590977527,-1.601087155850298,0.2805637761740887,-2.1436786984390572,1.5990462313304552,-0.5899516764312634,1.0785462819030331,1.9006937062111502,-1.988136637486385,0.4123178901587421,0.2579761443591772,-1.1908856435417168,1.2451337349007197,-0.8775417977068323,-0.01761186196316806,-2.958268858027247,0.44810501483624876,1.0479529037454023,-0.3339093181422278,-0.19748009808557979,0.4333663766673939,1.2995267389001193,2.23770182723328,0.29476705504876477,-0.6652353363547454,0.4965363318323459,0.6862017903139775,1.0202138184518448,1.977256805412912,-2.0015444173345895,0.3989098644296059,1.6629595197053082,0.5246099904046864,-0.5298701672208904,0.40046525783519904,0.20046691750291934,-2.398136644114636,-0.6367761758810323,-1.2195920542486078,1.5412364325159242,0.37893212642298724,-0.3289012576777225,0.7316114229786457,2.695397936848206,0.8503278954387664,1.3283613638589988,1.2424497066850921,0.6257198443769201,0.02301908410081888,1.377105054336328,-0.7003777659990794,1.861015659693492,-0.5507409531377665,-1.3991594238408507,-0.3672359813845532,0.6069748062584145,1.4448371330800918,0.1040046155337448,-0.8352513304957735,1.042360871862834,-0.2101608459475118,-0.2536717419160471,0.2111663244472573,0.8649856231811044,-1.3551069499591464,1.6048212999625753,-0.9845436597917766,0.17890471661624677,0.26651793053522005,-1.4881041610009884,-1.1842192583497435,0.6630620320220839,0.6673198068278082,2.0593159946883497,-1.5210739207973767,-0.3681619485618216,-1.2241687962150363,-0.26391999874624933,1.0294869700223328,0.5857581168469774,-0.09423360990346613,0.15023209476870128,0.9407518587263736,0.8502671457789523,0.7852717306195327,-1.3592988379557327,-1.6200980644583232,0.8556117883474634,-0.06217014304630472,-0.44232221583714654,-0.1334754397794123,0.1103130635443087,-0.22164428404501746,-0.950999109408977,-0.6108320707777449,-0.2556791646870036,0.5148065842296679,-1.5082651469343065,0.09141092820937627,-1.250371585045555,-0.3081629046977114,0.12140338017807024,0.06614575137860562,-0.8610889630216061,0.4303549050281556,0.5769405100342492,-0.6840994273787763,-1.2997231636595146,-0.6203842439111127,2.6548251761056236,0.004011637298892606,0.9528785877787381,-0.775881812271677,0.4735661654387311,-1.051154137857622,0.9093016342504551,-0.5609879402652735,-0.02799856084187373,-1.6269097688323269,0.4944494578461082,1.25685618633515,1.4257074004793644,-0.8314027177596685,1.7181958427737634,0.44754574005457043,-0.1865735316923037,0.7456213177402693,1.153401500201741,-1.589135560448871,0.2599885849031572,0.5500881409352026,2.377188190829598,-1.004181139032036,1.0962384192679604,-0.025444888399584507,-1.826086672446221,-0.036350863590817656,-0.21798003765398688,0.38681771285634287,-0.36814953290808966,1.2439838763671716,-0.2825923196688354,0.5824366367517353,0.6511844976626627,-0.5603923595780678,-1.10483054048476,0.5537579428860164,-1.1814674925172015,-0.480085360100473,0.2677838048270653,-2.1557590863586444,0.6746421393903022,0.05756486505098517,-0.595232423131563,-0.19049290036111238,1.3552817506075165,-0.609944083287875,0.030843477626064292,1.900241791421447,0.6180612927828714,-1.9643195883147329,-1.3132324193298424,-0.9203346562193243,-1.2570666995713637,-0.2754658022167632,0.49666171181996727,0.4359191168067154,0.26888204169801777,0.771859083377679,0.14071361689542833,-0.6462272736455486,-0.4731754260442447,0.09572709725417708,0.8327276255531489,2.867984234203017,0.11683398750867242,1.4655594709046356,-0.5316185680681144,-0.06209797155754746,0.5262063410559505,-0.3803806603792686,0.09465546914200322,1.1563986236782975,-0.7934588160278856,-0.01340077637233139,1.450963651599358,0.9312955227837204,-0.7965644649948649,-1.699200178951838,0.41171446246343296,1.0068839235482292,-0.05676737021103404,-1.8022444447596622,0.7751307853894779,0.004166393604840601,-1.1778784919966292,-1.200234477123388,-0.16130967204186342,-0.22996045931194636,-0.6326301605818728,-1.055707707049038,0.7361193398173423,0.3458183559069946,-1.3546430605709603,-0.05176100470087604,-0.8147115814202833,-0.5067595200279343,0.8452624611550761,-0.5174434646560846,-0.3928385363325329,0.7225825631680927,1.5066199078416784,-0.36306933304023303,0.700419602257947,0.30230400924020534,-0.11428421781974789,-0.8351399194573019,0.20969813215247715,0.8436625962094013,-1.1621958894599758,-0.8197680968481208,-0.28994962731334606,-0.2536952453697437,-1.3000817064747536,0.7751072251326148,0.7193225206807304,-1.790102274752899,2.229269080167203,-0.5134970208700241,2.6092943784945666,-0.5486207234877206,1.5783980675266183,0.010603373136790165,-1.378085142346531,-0.31476063025172735,0.22653914363944536,-1.97189237141559,-0.17558084355946393,0.6352565018214095,0.4072378163898878,0.25790685270810326,-1.4117663359298043,-0.7123252629248532,-0.6653292364552578,0.0075231785028601,0.8978257722786459,0.6378564215545887,-0.05261284628931429,-0.06767094306158578,-0.2024819014055424,-1.2018576241935222,-0.11716828164895365,0.0464229092752768,0.6643684170578221,0.986774085341865,0.6632717495814366,1.9965214366255986,-1.0951964933355873,-1.9339429627526092,-1.375217610608454,1.5948735267250727,1.3374910824250188,-1.4258400659004242,-0.28880197690675297,-1.4249555254673156,0.5088886048762009,-0.8717495911465566,-0.7729949449848219,0.044523248517048454,0.10082763268992315,-0.5898024727294128,-0.0537012095940551,-0.8626405469148596,-0.05209015279146205,0.585827975700306,-0.1883749194918442,0.9914725851845584,2.4205792693265944,0.39289384780006287,-0.6341309888712213,1.578455967944681,-1.271961295136079,-0.018806158234325365,-0.16543607371890706,0.17887392797043755,-1.4230947710000317,-1.71606433937242,2.0103626102686745,0.34348163920070107,-0.4573432782738904,1.6973556498127085,0.7099195513173063,1.5266730450063608,-1.0702786370349648,0.40423152100836,0.8685443084198573,-1.1663839717056037,0.9888793269972664,0.48636708152690916,1.8762975359385323,-1.2743676507446209,-1.0142052281221816,0.2786403933182871,1.001225312976588,-1.235685815833328,-0.6794433796374292,-0.5636694385317023,0.7849783866539076,0.22013494038740372,-1.1804878181366083,1.544976563116061,0.11187965512990371,-1.1452448646574853,0.7627073428878499,-0.3923879446319326,-0.30117604567327266,-0.5831185272119268,0.7639010040341685,-0.48692101303574437,1.29946842387834,-0.9730526190237051,-1.607279160514934,1.1265640377766803,1.6343107454603127,-1.017579128923133,1.867996734194398,-0.46221644952663604,1.1740342099968388,0.1118704941284052,0.9285512156746045,0.37460004725201274,-1.5334171857773071,0.17051773904137177,0.6114524077427484,1.423590965693462,2.818518758659701,0.4104273284255877,1.6832193260189994,0.3410067414863476,-0.8897594810798748,-0.7410990703680186,0.3322693968628703,-0.5826383872420703,-1.0930513300373068,-0.05152766006870225,0.725325303872233,0.8990103987366939,1.3563982595528488,-0.5894855162181959,0.8685341417531534,-0.0235871940005375,-1.3398988380828347,0.70773835535621,0.19454911786362247,1.0991623836828552,0.6838040223990853,0.16369043787261528,-1.3949178722283806,-0.4000937988388047,-0.8808148851587022,-0.22519738625571964,-0.33822064187105916,-1.0120300006732907,1.079588146770967,-1.4422290858523306,-1.081086348564877,1.0242931086073943,0.8641432951344837,1.406060583990148,-1.1279814916897914,0.10841319149519836,0.12467693892248465,-1.3168607491619104,-0.9388049395352691,-1.489736220268599,-0.9136745615638839,-0.7764069456782239,-0.49097317342087493,0.6360616142196376,-1.4549264545107958,0.5583204790640118,-0.4574612888363608,1.287513778160566,0.818969160383949,0.9426929357796757,-0.5482883922255097,-0.019405271677835692,-0.9178387218220111,0.7239083603701882,-0.8448199845218581,1.6891096954414966,-0.22246160848451538,0.2386772669447109,-0.09470095712467756,-0.26756473279064696,0.02311839464334874,-0.39531966581448974,-1.0508656671663685,0.23731498462008283,-1.8931117024703046,-0.962526614787396,-0.3133276571845605,-0.4779155888293868,-1.5473417396315472,0.3986852684280612,0.6487167206832988,-0.42011630250468956,0.33830819706671084,-0.6968682175914832,1.6569346051703842,0.2750920888049886,-0.33999094158968657,0.26941709430886435,-0.48777874876543775,0.8281404926634834,-1.649399126994151,-0.0001932029231972231,1.058509819370712,-1.4498974075195834,0.45499062208633684,0.48550516011821593,0.10978200488223111,0.5948819200901684,0.9153361100426592,0.6014232908984403,1.5283122088510284,0.8780084625455867,0.2525209083467193,0.6740754588910335,0.2819568778390394,0.2810825390608593,0.6660044147847115,0.3184613869447564,-1.41415793319165,0.7138817537884292,0.17365842104695053,0.0304792357159553,0.1377879081779554,1.0891145538675477,-1.8634361804032085,1.7414997655648974,-0.27874324855867166,1.7019674142418308,0.32818759472760406,-0.03725802154445154,0.35911950260204695,-0.25659752257985297,-0.27120494633883285,-0.6840932745484293,1.0355570550475568,-0.3951432245532202,0.32347723968084086,-0.6185818083736495,-1.3542864247711404,1.4718597609719974,2.1292639697721443,0.5459601613023614,1.6197135477906155,-1.724743201139152,-0.5317067501709521,0.858397368609059,-0.48174269254798846,-1.1032402473887282,0.8749746072626189,-1.4404333384955703,-0.47494479404013834,0.7906731069378198,-1.0004558457182031,0.9744025847707015,-1.4768511242925904,-0.771285870277098,0.7599926282336867,0.2939746286056866,0.41095102833434977,-1.8067621345459217,0.34841457076600674,-0.6504698570546356,0.33014113884238594,0.5921563362764038,-0.5329357502006576,1.1179635126213878,-0.6739970815876689,0.6788395784370586,-0.24865276462084293,-0.15325509649829194,0.1093383383401746,0.8847390698560713,0.2116019554455377,1.6902190638618502,1.3756680406225015,-0.7373551282276969,0.7059081672741561,0.9766209507556689,1.1617570916263786,0.13117145456270818,-1.0902657914532912,-0.3363468149966941,1.4653329529353212,-0.18106105869466604,0.1610872145818184,1.166947379659601,-0.22100112480768278,-0.7931061600727422,-0.012347252454764954,1.0992930817318012,-1.0628963447583553,-0.15006582327085782,-1.424075606866532,1.361975807452069,-2.53697617518398,0.10131211034909156,-0.525265918527065,0.22997890818107045,-1.5125096726613012,1.2405293184752701,-1.6923019489773374,-0.2305561959612941,-1.2728208788589899,-1.0674315833774861,0.6215967887994744,0.4742555824214508,-0.6327063950441918,0.8654429266827554,-0.5746024108488722,-1.1140643854559058,-0.5079488237253151,-0.4924047627739742,-0.7431728442877588,0.04579044743350126,-2.257342076934006,-1.3480104454439616,-0.09929775324479269,-0.5802531547483123,-0.8733689563422945,1.4429331057504209,0.4387990810704305,0.8420518054473795,-1.1427269047555941,-0.6433658136747491,1.3401320612906917,0.17817536076346327,-0.050131000249123266,1.0695774699365033,-0.5704223432934171,0.45898242146628615,-0.6001975776196694,0.014149081596247462,-0.39879757115624126,1.087568553706417,0.19637552485355728,-1.9989762304709153,-1.146736486114132,0.27237917731080485,1.2869645799655787,-1.177479380819862,0.7476966897626325,0.37155612716012676,-0.06201028754465048,0.6915733760758442,-1.1131090968780128,-0.07754634202138953,-0.13035483871168055,0.29724603048687326,-0.7673627712052314,-0.4818105593008831,1.6397118298720592,0.5783300403977978,0.4995605460794503,2.093617996595525,-0.036632452210341684,1.123370025170387,-0.7775892922976512,1.1558815461104617,0.5749212992752039,-0.5596874349093487,0.7107154085813253,-0.2119722021255958,-1.3203214607739193,0.6976513537142266,-0.16796485125114133,-1.2458936961105687,-0.010106574030975455,-0.24612557713134794,0.3787841615222351,-0.4316322424045527,0.16055049334469906,0.3533545974352953,-0.6060384742494813,0.45906134205785815,0.27951375624002134,0.5188043827603717,-0.28274386602043305,-0.16444735754583426,-0.3502436496827502,1.4296627064301901,-0.2151769089993519,-1.6404751027984303,-0.24179571915430342,-1.1570858096790524,-2.1916190462720406,-0.17409679079524842,0.40815902102039786,-0.40750651699188917,-1.5140152137198648,-0.07416495178362915,-0.42421376364309865,0.3178572690659822,-1.6492161666850313,1.047569196968436,-2.26609058013031,-0.21522856873169074,-0.04470068973093271,-0.011741511785385964,-0.9651744775013302,0.2607501227842378,-0.9842165629401144,-0.6729844954064222,-1.1874572296056176,2.2578035060647457,0.8363430981293699,-0.6630062000265612,0.3135084329684049,-0.459553691713255,-1.1082855892857641,0.7879900949592227,0.4360934240103346,-1.2396815698101706,0.15151221438622894,-0.6243587904672327,0.9555125643965731,-1.4229894943940902,0.28672443541745113,-0.7267504441597333,-1.9523762710877597,2.493247851795649,-1.4017003306860658,1.5664730105949598,-0.13523690147751138,-1.0932992728786952,-0.5291956832753585,-0.18792327512652537,-0.6566706329730919,1.0192720901039483,1.350718411070276,-0.13133146236052223,0.4229456240809066,-0.4618612211280925,-1.4168814915340762,0.6247614184835972,0.03615562353516679,-1.187500612382081,-1.1015814039772507,-1.4839466184073602,-0.1556945943708786,-2.9140293492952027,0.5677932956634816,0.5496833303767417,-0.4110959376846842,0.7238060362912325,-0.6537511108578232,-1.42325632359962,0.8396484212774264,-2.4432910695744106,0.5351524401965884,-0.15723465873600975,0.299481564419606,-0.41456774544209424,0.6608005079574111,-0.5283739751143314,0.23703699897574224,-0.4857381834872258,0.5795996323573628,0.6462887613593089,0.5143942620122488,0.3689952911109887,0.908271726559404,-0.21278514357653527,-0.5611297146475485,-0.1596786033205854,-0.10924359914291595,0.7669452080707405,-0.4470505150544165,-1.7758976854805557,-1.3032310310558544,-1.1087916546008825,0.04257696689891722,-1.4052137212629274,0.06519731737173648,0.5382777576945814,-0.13442457944377662,-2.07715935156436,0.9065154854907428,0.9201072479593637,-2.297672113121194,-0.9438716439688724,-0.29674645137725547,2.6677269144823703,-1.065675582561767,-0.17340276992161957,-0.15636690366796427,0.07132872428215538,-1.8697826127923594,-0.661789939670403,-0.5880154743425844,0.4642934815982763,0.7207815514565964,-0.44114774420746594,0.8337441442197526,2.1917168881281093,0.6136997169583568,-0.6296609004490684,0.43465030000101773,-1.8627481528633978,0.3377996976529882,-0.16363539495265064,0.18809100902766268,1.6511457443300082,-1.3908076153925573,3.316639355249064,-0.4469307742477878
-0.5774010120025995,-0.40157017785076893,-1.2297381524318978,-0.19787486453168832,0.3217059800041251,0.4537216731538384,2.505167241720669,0.571440080580502,0.4266281773042239,-1.2214714048985946,0.9362058997867304,0.5230987299195681,-0.2635930888849484,1.8295824551654145,-1.7835884199152632,0.9202812382011267,-2.000913169768411,0.9915277985511024,-1.9999529099550841,-1.5201314394379453,0.5952827567564349,0.11395392258858421,-0.9738331302263614,0.8130844930730131,0.5448856115786075,-0.24182422859796945,0.41916797187319077,-0.05675530321135787,0.08265848455238299,-0.17635605460061812,0.3714325539663383,0.28293770298674903,-0.8143576204460667,0.7321162292524397,-0.9519976872347325,-0.20631240432676395,-0.042834499384937746,0.6272884630300269,0.7676567136507354,-1.359820518781056,1.1011682863359988,1.1111203540321393,1.5501070537430075,-0.18154373993296313,-1.080222456599909,1.577614565088716,-1.1034163590626898,-0.04302612805022716,0.27114443055547477,0.4307964272261913,-0.9665067378071741,1.4633324570579975,-2.1425854092798784,-0.6529958712203913,-0.2218507951859092,1.1905384308369997,0.3345695388767469,-0.9875221919379186,0.3899890500951448,1.7015454149732459,1.5662779964890992,-0.15114579560845093,1.371235336730809,0.8366460667861839,-0.1108259412481025,-0.39401342649486704,0.7576606674145893,-0.7711526582441577,0.5926631228493963,-0.998404654226334,2.4206620904350586,-0.353723696106503,-1.4318593122401257,-2.119682252620199,0.08744205055516659,-0.2840248938737833,-0.8316647962448295,-0.12826221436912147,-1.7336067967567508,-1.1592403167964882,-1.0990111766843795,1.6402056396827405,-1.926198989866318,1.8393570807551611,0.7420558961621617,0.6865145849363475,0.6258299955031419,1.5125263749187168,-0.3104724755703958,0.6322911878636205,-0.8630714127475967,0.6649258953238881,0.7123382194467254,-0.3929432070868303,-0.06643862221905011,-2.1264363383522786,-0.838503246040551,0.01422974232427839,0.4825436385329505,-0.23021020722093596,-1.1955311046403632,0.8466675096848292,-1.3961123541379,0.35062455841634704,0.8120819309248728,0.05152777760391117,-1.9079611907334915,-0.06036527660548319,-1.0840025050138375,-0.9560689388570297,0.6359640556948097,-1.619009854916909,-0.6957527267073242,0.8428231826068548,0.023488226435504883,0.8628856576556801,0.8359569558093933,1.44840882850236,0.2876726801277318,0.19149197180018362,1.669602585494931,-0.6286826043666751,1.2540198902687727,0.04717963419221968,-0.10142797939640454,1.2820356643797608,-0.6585831632535266,-1.4640554558507868,0.3263035627625859,0.866014062739062,0.5386869940751435,1.7218036380151829,0.5625872904422894,-0.5502229076775027,-2.1006940795221682,-0.9494634892440086,0.28989587022597035,-0.46741424995677305,-1.2975865377036753,0.4149460422230239,0.2581549159152936,-1.9670246322592435,-0.20211337536996019,-1.4041830005916147,0.3278753340238836,-0.5691809838515173,-1.1183291904009218,-0.10159611161552846,0.6289601072608076,-0.6518008931398968,0.29338127121403046,0.02782659610108047,-0.8118196681873596,-0.6013907944464887,-0.9335475902514699,1.0775232632910994,0.9454505789044383,0.38706830222349436,1.4443764158267027,1.2255156112985646,0.8313525679456722,-1.0168111863948186,-0.461475376882155,-1.063560626049316,0.738771827695645,0.7701183886950106,2.5479873268313806,1.0199227457520643,1.0587677284652588,-0.5455985853921389,-0.2539326784838181,-0.2136619840558186,0.010757005743066025,1.2507817756220654,-0.7983894689312675,-1.4050800048644254,-1.0126184926278867,-1.207799937348463,0.4446867215684999,1.1282538439661791,-0.8202571970698579,0.30523181740263006,-0.3381579467338727,1.1219903929182178,0.731470350939079,-0.23258362711216476,-0.1614777586669858,-0.6933645025465353,0.6297950639417565,1.185416551047047,-2.0747010795656142,-0.7060174575304514,-0.22068354069475904,-1.4569682098676269,1.0226748051369967,-0.6129607336082111,1.4345669747181602,-1.2147834984576062,0.7047709366633074,-0.30096175361350097,0.4398922415479562,1.2667434604206167,-0.6227662907509458,-0.5544068543263346,-0.16581358101117288,0.7616727685738515,0.2656303347578202,2.1230937328800192,-1.0248429802979282,0.29011072459656767,-0.7678081941884956,0.7478382263314227,0.33553195953141973,1.2320229121037949,-0.6008605458053549,-1.0838379074293796,-0.7920704154871755,1.506544960769115,0.1075208727298276,0.4653700610329025,-0.6854267726353752,0.27807605029463883,0.22758989465117213,1.0712602921394954,1.0170152460426742,-0.32161200802493384,1.52581365781456,-0.18844314462973566,1.1229775708501801,-0.016317546619256475,0.19927084894755076,-0.5380122183663966,-1.206741123132606,-0.044240214549859595,1.648923028411669,-0.25703130339404234,-0.7374559426563593,0.7151173395826542,1.3086000298999494,0.25263957948173243,-0.3569504321034329,-0.38129340072152273,1.2673619732406,2.713384058123875,-1.900776528900293,2.8231076287804706,-0.3266930780641526,-0.9347288472282553,-0.4754202619506951,0.04806910143265642,0.30261467032861183,1.537059818066428,-1.5944939929883595,0.13645588964976554,0.02784903464466252,-1.8730659111493062,-0.23644718259629105,0.1476086060430893,1.0488197247355968,-0.05763676622182803,0.2710011905631756,0.35195036257896695,-0.31265792156919764,0.7537023854790739,-1.3091068135109198,-0.053246812162955084,-1.4528097999407457,-0.9520472601472708,0.29100603602239655,1.0459853782414863,-1.9556376363208998,-1.2289302372140591,0.5915458835723223,0.9176505628345731,-0.011371351071684965,1.2673976219393925,-0.5359441540541473,-1.318351285345263,-0.24587711223910277,-0.18659826391660794,0.04401049525658653,0.18733387457903844,1.1253830127727562,1.187468806176761,-1.1090040111980641,-0.7033041813688632,-0.5646002951571778,0.5820060033405117,0.9443128230914744,-1.4456985875805564,-0.8740123971990726,-0.9975279808072043,-0.3184752841100261,-0.04882095225645255,-0.9010761835080964,0.3533205238532276,0.12399562482957388,-0.49441252920269596,1.0396874696278047,-0.41177832063153136,0.1135087215925024,-0.0010968015411689648,-0.818456927545386,1.1331253744729848,-0.31902515668287557,-0.9607129613246584,-1.3231578552568848,0.002181758968661484,-0.48599272416298533,-0.09327629630591576,-1.912109300640685,-0.505117930541126,0.7917851517591449,0.47900420973739,-0.17757717032824796,-0.7484007068970757,1.7329070299631593,-1.3159626141826914,0.20394016623630765,0.18404844198413178,0.7712611097486068,-0.020808499173861073,2.24036193655092,-0.9502391014527056,-0.8301376816579342,-0.3094077373463952,0.8362450701706289,-1.2009820654910293,-0.4336165448364452,0.4245218721460187,0.7714506169876457,-1.6642865094093766,-0.02534722639106853,-0.7154782655153097,-0.05731885850019429,-1.7522666905279325,-0.6731049069835979,-0.3800505272474968,2.172971575688768,-0.276144540054966,0.42549869133579127,1.1725709046558626,1.1564052054097569,-1.535925179197496,0.9878335006495071,-1.484480099773501,-0.5324830723371475,-1.8677353132010357,-0.9144435076823457,-0.4962214362375455,0.5534692032306439,0.545553930528104,-1.0776775385692905,0.014709885826581184,0.833349809035088,-0.9449512411816058,0.611697821043771,0.11115838648537434,-1.583261975872954,0.3753755792476913,0.2432496431810765,1.089177850688145,-0.6396687202218845,-0.5525920492719442,0.5990876754746047,-2.1267920136890477,0.5104651348176404,-0.3667393973204318,-0.28062986795617056,-0.42810236538558577,1.9142648883505153,1.6784980078210865,-1.0500165732857367,-0.48915475306035855,0.3969358082983005,0.7312704644523885,-0.1510015671274517,0.2911278531055857,-1.4891570470099615,1.7798347462584554,1.4124604069804467,0.6807984953911124,-0.9492601273785698,0.8578618265853655,1.1228882714450579,-0.7744870855242213,0.6489480143450765,0.3097978975952445,0.3817028227572252,-2.0022840761143317,-0.39237201022171425,0.8625216372637999,0.20205707107320411,-0.6643351712804552,-1.461997467813155,-2.4250056347810185,0.4825984697705834,-0.3634000388147631,2.556778078471083,-2.291407642048237,0.4978171210300021,-0.26647665691279404,1.472703983802227,-0.38759575243996436,0.007901165961500981,-1.2158673351448204,-0.19872246686320547,-1.208124574833278,0.5625292472436259,0.6951150960423721,-0.1688622641340795,-1.0102719268934348,-1.8917000700377722,0.5893225831894835,-0.27245242658464464,-0.5286763368807589,-0.6948347134270618,1.056019293215441,0.8656224047600456,-0.29345902386485617,-0.35212673794445,-0.7180339356625703,0.4253774418138449,-0.7538682102142542,-0.5672216188551048,0.30430061506188133,-0.503439475625647,2.3648781518372095,0.2562729816939806,-1.7575196192517026,1.4999716126961853,1.2392142321232262,-0.7722214698502227,-1.2423492512392185,-1.0846459078163597,-1.8233219483833079,-0.8781687391245881,0.2256464151423838,-1.150311998784424,0.47647517822218827,1.3470923008051199,0.6598578001489165,0.746519656400964,-0.5833879564869188,-0.19235941986682484,-2.1270454592018586,-0.9924958671137105,-1.206918431561187,-0.3241553415424519,0.05548380777820146,-1.103890152291769,-0.907227959080627,-0.7342078176330443,1.2618364975406144,-0.6235313885334853,-1.270133035316034,0.138541295028976,1.087160857560016,1.790163038878897,-2.345263621202693,0.38147737508525265,-0.7916451452259037,-1.6196475531878853,-0.30230333233200296,-1.1890669054668208,-0.3200530353254833,-1.2003319032422328,-0.26431581074207583,-0.5748255179409647,0.9482921577604003,0.39985294833952206,0.6196752534725067,-0.24966387365569148,1.145645495550816,-0.1619453010783464,0.6661618028869409,0.09599288182118096,-0.0473054002030237,-0.6746021388809461,-0.5682978307378314,2.0465045449922457,-0.5780581301299926,0.893988309539677,0.29464231759551246,0.5836351763873662,-0.5819281760802597,0.41064449436194095,-1.9863346796748182,0.9102807917730885,0.5139830723398762,-0.31563305685684806,-0.374124475642125,1.0187480781113238,1.3164535788180534,-0.9684551199552958,-1.9151317864692523,0.1495600823473742,0.7532662260717636,-1.0756110947896036,-0.49271966284852103,0.3319485394925866,1.207847748868275,-0.15581373212217067,2.0714045916234918,-0.19654944446233422,0.6305913649081718,-0.6819362390674614,-0.848130815716201,-0.3116694749831945,0.19874224443637523,-1.5363829357577028,-0.03792249425818893,1.1188529572883332,0.746752652221214,-0.5044275035675497,-0.16103203575668082,0.7012146127293142,0.8977407125413283,-0.08761656853431213,-0.8182613600036843,1.1747894273083415,-0.11786250087212731,-0.4450268915725338,-1.154148129423522,-0.5433546327148121,-0.07331635177668357,-0.19376498053898927,0.9858507005973921,1.0526878620933653,-0.8860831945048753,0.5837732205285184,1.0613329156681883,0.48320404179136667,-0.5325741466023554,-0.6063531088124049,1.6456147064679998,-0.1546076715068886,0.7135804352710047,0.6591204647332093,-0.08012769740466916,1.4685973537041417,1.2444236104871782,-1.89455008697498,-0.6188797685173008,-0.5414777649803965,-0.19537362608031728,-0.2547255630539611,-0.22609015017091086,-1.0706846990240235,0.15033671732455495,1.3294709754115714,0.6652425029732184,2.4815753404133667,-0.2361417532778927,-0.7827580161139625,-0.5757858644116981,1.7615882112867778,1.1450171620226341,-0.5607367956033501,-0.03938674086075418,0.593889129230232,1.9739097049202137,-0.24475126269186342,-0.3539645378549273,-0.7354991788598997,0.1727309963854448,2.245156028946276,-0.18049221493531492,0.5514290954424023,-1.7314936004473158,-0.8393247204250194,1.1090271389365676,-2.7835016529781806,-0.9783366545071726,0.5733839762751755,-0.8322211639776027,-1.72566139631156,-1.415124099165716,0.5135271058271826,-0.21065230011605088,-0.24823267075032823,-1.1085862201734922,-0.8761086430813837,1.7017000496572903,0.09680769849829365,0.2799445919999243,-0.1507643328880424,-1.8509888355874276,1.74091997184974,-0.491470075875099,-1.172772368102659,-0.7991992010096666,0.7147697018962595,0.7669345941090362,1.117482071552179,0.014713648663357068,-0.9080921532983018,-0.4070648927270388,0.8039153996275744,-0.026944214343060553,1.839134738522519,1.56083676650162,-0.9686953691668123,-1.583970836040683,0.035203810693400936,0.2190187190433728,0.8792353913215678,-0.7654807159932602,-2.825199077498074,-1.0235887870815912,-0.7817560272753465,-1.254062081338005,-1.6599735092285188,-0.5576284861763926,-0.40290049856787874,-0.4848770258679061,0.21546265109646381,-0.21908412103393626,0.2163763549597867,-1.3920868081675546,0.18054151276944821,-0.20642353300777883,0.9123572562162124,0.3699310735066538,0.7265470363221949,-0.002269418695602058,-0.14578133116379166,0.5320124675791361,0.5071165914135259,0.30014100666949417,-0.31742917103545903,1.1461574683705826,1.0860446134676887,0.8791696726879364,-1.3469981750481437,0.11277674698304271,0.33557992455727564,3.0941739019839245,-0.9920027468470795,0.44257177646978046,-0.5817920508640869,0.2639259832112353,-0.33363867428398153,-0.2621749266129818,2.33159548515497,1.937592355078917,-0.3252176898317262,1.2620423808996968,-2.4128638419010002,2.62457842805806,2.228856637774758,-1.3829511135652017,-0.531500710856886,0.6751379326842468,0.7072555222866868,0.06518553011830845,1.1880158459440764,-2.1504673432414405,-0.8410282329374119,0.8617038325279839,-0.0013465258940740627,0.1630943025254957,-0.5303654924178496,-0.04896387664584315,-0.4856155245473601,0.6630249731192682,1.3064987402436532,-0.8455402994285075,-0.6647192754161096,2.1034454407867327,-0.2166298545282005,0.7726245659525772,0.5048917409993953,0.9648888889216781,-0.6661323159799434,0.3573109891450325,-0.4734396934889601,2.591554142621103,-0.7245667877580099,0.7524593412770699,-0.16802420639338914,0.6055965724482535,1.405560624348213,-0.4798048535681076,-0.8001120179181858,2.73858339096029,0.41508887046388665,-0.7174274218776204,2.0686036994918067,-0.09820552150800461,-0.3967096073221974,1.138208533788549,-0.9496045111516067,0.18652352419037185,-0.06655274345475799,0.5227688115209171,-0.22012590780865837,0.21036957951256732,-1.041441644859693,-1.759796335555554,0.16190608371566828,0.14060338951389315,-2.1901780372505653,0.8489883331262292,-0.7532861027392067,-0.3889590588103637,0.9498987300476958,-0.7038567756198087,-0.6445091570142847,-1.558735481122143,-0.7529462744123117,-1.1469335096510656,-0.31248422708812196,0.16912591959510367,-0.9321013592576441,-0.3197297661411734,-1.000582684996096,-0.13497616568797044,-1.589137083761329,0.7091903245666399,-2.7707762027571405,-2.0770083005574915,-1.0750562398292614,0.1790025371460179,0.5385725246479004,-0.49466142061612534,0.6281256432345262,0.32313651142077904,2.197412022979759,0.4550028989484915,0.019092349624405203,-0.06059119622791957,-0.8539286391568862,0.9485658974595019,-1.696910743492682,-0.5696556992868187,-1.5191461265314492,-1.2557362034843187,-0.6265153713871582,-0.5869272515385062,-0.08741626322068438,-1.2224198006111424,-0.6967316239707236,0.4625548533681235,-0.0019460889983885384,-1.3828678147894589,-0.9937139612308117,-0.1256527653578416,-0.36808627773363506,-0.4650209097959079,0.2940069763672876,0.5780243945262835,0.06296706004152669,-0.18991259176833222,2.16494391000707,1.198783859820974,-2.162306088425427,-1.4324209913238555,-0.11941365272703962,-0.4217351825321487,-0.24203375018789403,-0.8055846343989941,1.580743503118449,0.7480103587967485,2.7269946475589038,-0.8777487568565452,-0.7758727904764707,0.03220194562303526,-1.0660454469873113,-0.2381842362221106,0.3134884702016545,0.5119273602662938,0.48165195414861967,0.8527761930120343,-1.0095049256036068,0.4463778580197789,-0.5665609053799558,-1.8265076525557216,1.6868930176983463,-0.616090873220907,0.322709050051812,0.09605376751718354,-1.7214250155565012,0.8200777096215436,-0.5620778931053615,-1.8003122578822761,-0.03880518406657901,-0.29027450379358866,0.09444124087239103,0.6855297152312877,0.9017296836810829,2.3035859172032107,1.2587761562720152,-2.01885674329798,-2.0336810488359607,0.04492845892839166,0.09576479688984864,-1.5415465414138088,-0.24026673157797135,-0.8049889388815099,0.4157203125661236,0.6760891228726579,-1.2237700237593623,-0.9946752431751584,-2.3322309036542594,0.4155364033241482,-1.7790581402863355,-0.485115423134803,0.3918002352040398,0.2047480530753058,-0.9525475806029821,0.30076104940672443,0.684167108578544,0.9894460120569458,1.0137412022923868,2.296993633934956,-0.2173045256043541,0.24281056851572766,0.7328633350269592,-0.3543797078842818,1.4889414597072184,-0.4970542917184854,0.06716242315996748,0.6643077019019006,0.15865854027859783,0.17236768937289668,-0.016222518418229522,-0.9798709559373509,-1.3540310917015719,0.7657758477593841,1.948989633062631,-0.09155521346584733,-0.5345502842009104,0.8435076961820562,0.8991418329039068,-0.7928135894143098,-0.482514144695033,-0.35669994871122157,0.6971247767529472,0.66408177630932,0.8206684571848583,0.5125781525336566,-0.7799687008717784,-0.6291836306901094,-0.8381964163809187,0.9344102439699727,-1.0004702462705246,0.053969735102505904,-1.2368725827267812,-1.2209059927947181,-0.48599776664221583,0.26655772224282476,-0.3809330290024203,1.0383155068119079,0.295290391527175,-0.2811049721750901,0.9069601233529433,-0.30517509287627353,-0.7493651777997032,-0.17120261530599465,0.6685685813314313,-0.8145966159099542,0.5582163801657231,-1.209144949726069,-1.7500868481807046,-0.23644793045046839,0.7926603122463399,0.17754352235244963,0.2991524278693274,0.44173161916398745,0.4820916520780468,0.2183141698237432,1.5811732951916142,-0.4383027028798644,-0.5253965725224117,0.35765970926574236,-0.6447659878403884,-0.11093857099641549,0.020706599750002445,0.7209180201164851,1.207951194112284,0.08960393954941348,-0.8562571834077807,0.6080790927288446,0.6983323839637996,-1.1260479566878345,-1.0387743064836608,-0.9342902894541536,0.9757256530676351,0.20385602997130647,0.49501010746990237,-2.0972006913732404,-1.2541625142530841,-1.048418877470797,-0.9727723450712676,-0.39530189405994276,0.16329394625270985,-1.2422447068104783,-1.1669397949226161,-0.7631706715477347,1.7756887069595384,-0.7164114766893599,-1.3666515044408023,1.3025259299628649,0.46684872249229487,-0.04636861048364819,0.43254524341650014,1.0893638349270425,-0.05503864965071381,0.7809775491885529,0.3775418664879062,0.42511439362056813,-0.1813634971406524,0.8969398665253174,-0.2978428249790461,0.9968215503115224,-1.369608859976131,-0.1971420783691584,1.5019665137297105,1.2062607051299432,-1.3551142006188044,0.7701206812899682,1.0284432279650093,-1.9689953814639891,-0.05141756706892808,-1.6757299574707887,0.35230725568321597,0.2737453044644314,0.41602001288330515,-0.1864010262413059,0.3838512139105429,-1.9807482540857262,0.3820837178386507,1.1197941177313464,-0.8055797715167148,0.6270737700135031,-0.3665760262660448,0.31370035281827097,-0.7323471130893872,0.38527945535391483,1.1065835693661237,0.6866777262740686,1.2654661716574909,-2.9437480061699697,0.1663833655064093,0.43858848610333423,-0.11256801390541624,0.7963205515016426,0.04060770904008346,2.9950888342594135,-0.5321888146786088,-1.6394773780379048,-1.9675734599666113,-1.3350578466036007,-1.6379929564625377,0.6482764097789876,-0.06045222605550589,1.2710764762040432,-0.36944939082520956,0.5282585520773181,1.0304870148793959,0.29917979569289727,1.7498542762471643,0.5004539978740187,0.26001509451002663,-0.620431166799381,0.2032974510585822,0.044276099539406616,0.5518503521509034,0.44764556841421893,-0.20863061839156716,-0.49841154004874705,-0.22684272545238562,0.021147572428930273,0.22684641824617466,-0.8437254357212348,-0.592863725598402,-1.626010779994111,-0.24732348028212786,-2.23818058085012,-0.925304161358289,1.3463389372552563,1.7992667690349413,0.6497631224090405,-0.8796263165048283,0.4724508445820248,2.4541843015771394,1.2198825525127777,0.8414757061267654,-0.4169890508716155,0.6450092584129086,0.3469581842783366,0.5484227831999497,0.36575320291598895,-0.8563215535582656,-0.1256460102296639,-0.9925050346898214,-0.9815434472785933,0.98562872134237,-0.35811889750279674
-0.24832609553811288,1.707949782045064,-0.2617973441714733,0.3939841911058141,-1.7023645111967498,0.8621980951015716,0.151264737468752,0.052590271965958384,-1.7319314366192096,0.13850584372733535,0.2849894558487121,1.494476278456726,-0.6105631243073639,-0.37674219404708587,-1.34039668470117,-0.5404470669211553,0.1189921596984515,-2.4796699022992863,0.5566965065988871,1.5683303908615198,-0.5832216926812616,-0.3495306395183671,1.2091271308809757,0.09800984917214876,-0.5630921866769408,0.40262243162848643,-0.6025769098964989,0.8461475049133277,0.800537095791827,-0.25535054121265155,-1.0443651785573504,0.3193325263589789,-0.6823243043766414,-1.0783556383208606,-1.4177338725884954,0.492172853772676,-0.874648486523086,-1.4015346718599682,0.2988030647891634,0.4272478151298182,-1.2888141342707242,-1.6532137021049804,0.6230120424058154,-0.879169912571894,-0.43579451697267635,0.7926776694034045,1.1352956719811036,0.4103272048912151,-0.23579515210121366,-1.6271462289621246,-1.1068844066558816,-0.30120317601704527,1.5499831703445357,-0.036139969463439066,-0.690677130312617,-0.22870806985571157,1.7597125973275882,0.39242217228953297,-0.820376520557634,0.4753112246595858,0.14619449200611442,-0.798938139562626,1.3992439492074602,1.376768454837485,1.2867484067704333,-1.3079668561597988,-1.521337796230552,0.9431995438403311,-0.6788992346816148,0.23987106417018364,1.526048041739442,0.7427719354221963,-0.0261020879502306,-0.020772548318654268,-0.5079441233079013,-0.7855431597763604,0.3492649217477091,-0.7508685938374752,0.4738237863177646,0.8792509288517485,-0.21128668858792127,-0.6225497309925199,-0.5079907056699877,0.3823254685765701,0.22412214960337554,0.8438604644448024,0.9514152931773082,-0.3857559593438512,-0.987140297409361,-0.2544513928445847,-0.5327834498241371,-1.778771719870555,-0.417894089442393,-0.38026505647143216,-0.7883231371875815,0.26656016057767334,-1.5975616493087819,1.1940272047243017,0.018527166689812507,-0.7247251066335737,0.9450989490513277,-0.49889572918542857,0.4557727391765528,-0.584252780945537,1.2155903274602518,0.2694694939572414,0.38849575271137954,-0.5459953705601596,0.30174256298993024,0.4338950087159212,-0.9553134252902032,0.09726791518992751,-0.41316055926125705,1.2664108016252544,1.014134156711801,-0.5151839383996468,-0.1660667205246233,0.1434175676134476,0.26310680681532644,0.27332454962826525,1.204951181074783,1.3948827087761297,-0.30776523041888404,-0.9153012772624199,0.32223037139856714,-0.25560202766225526,-0.8513414389454007,-0.7144940350173448,0.03520364731371521,0.1940067257820172,-0.043203752831308416,1.1710880085151345,-0.5316294079700171,-0.4953054926317893,-0.8176886555485844,0.949500022556677,0.007039815193296735,-0.7020056111744172,-0.06199640104946897,-1.5203165473518954,0.1323317163276179,-0.52307073466374,1.0991427051371185,0.59874790405119,0.018714193429485885,-0.5931990190954904,-0.6415211083293441,0.939036014868342,0.10868394625928082,2.0942141210202374,1.4515566986681205,0.09834306087072221,0.04283504637499886,-0.20025750681176555,-0.22454334585934307,0.5314848500569658,-0.12278865897022831,-2.0815153272450226,0.2629840562727491,-0.09236902302850976,0.6170558366911106,-1.2355300280719548,-0.5940023922634791,0.6596477901305183,-1.5009787619596247,-0.1297609945693832,-0.088768363378839,-0.21468561469261435,-1.0105431845667316,-0.10703278827680565,-2.4308350948759765,0.10197011670177535,-0.050169491813563095,-0.2026191041281427,-1.4106149754532509,0.8182192663656186,-0.381444355194607,-0.5776924222106111,-1.7615469813656772,1.5097331028584664,1.2716856947411672,0.34390235898057586,-1.1332600904266599,-1.5280842610422716,1.0842720818442064,0.7207445361497349,-0.9940606155749029,1.211944449532787,0.2823319637331203,-1.5231925147674286,-0.7587652774980937,0.915510002323632,-0.5913272671089208,-1.6183198193895683,1.1510576860553245,-2.502836173198571,-1.0117361585227,-0.8362051733333047,-0.5246610044626264,-0.9870711459149019,-0.3663270661307533,-0.5289514607640626,-0.4779030023850029,0.584709154137921,0.22254716992473106,0.8903803140459999,-0.17351154099916066,-0.4446763556619898,-2.019854979573897,-0.5101620514389376,0.20936699060506445,-0.3083310989776375,1.5439882048672373,0.810145476719842,0.21074700793732482,-0.8883734886519492,0.29063395862354774,1.0895449876473984,-0.7355292376796376,1.7568294494459338,0.20063388876132204,-0.06381703540220322,0.2107363110853484,-0.21605099256493235,-1.0687872845075954,0.7575395844540047,-1.086537976688641,0.3688276928074735,-0.7870230661645128,-0.699465472922268,-0.16063747604291692,-0.7999389215563057,0.3055878748253056,0.7072456279445047,0.5673056357692012,-0.7371926078331279,0.2709071627461913,-0.5856658932857783,-0.65838197164006,-2.1128653309248873,-1.2518692233106576,0.17942584777284898,-0.37055123900324377,-0.35279410537908706,0.5122145943521449,-1.041057192391373,-0.9804288899988066,-0.8075790436804021,-1.3312730255997989,-0.2828750473827261,-0.13661192081892273,2.0371677232604886,-1.1502563703185695,-0.5337891109057438,-0.7124831226472953,0.18042276988644537,1.5203372657662337,-0.6066747630762507,-0.2387607385310965,0.17496666572766373,1.552653071346792,0.5274116873806302,-0.5911531441846309,0.020282760300831964,0.01818534912177934,-0.05766324338774071,1.0604829768347097,-0.8733809463082896,0.6109251576910578,-0.19855513765077842,-0.3853489023817223,-0.054696248649461696,-0.46227572611131007,0.0691828360505697,0.8154579868667272,0.6904286229156337,-0.5238362205223772,0.7760578756395355,0.21835143833247078,-0.01455811767234456,0.5431048809665305,1.578261273298393,0.7611272595528279,-0.7984678277615562,-1.3164161660387594,0.15199902939147017,-1.9205001517577742,-1.2898858879192057,1.182961619695098,0.6298244306422921,-1.8391758599652297,0.21113812151785508,-0.5677197619753886,-0.39853876098052976,1.1471792296023666,2.775840724029634,0.05281232734292796,-0.5973065807544896,-1.13119621813455,-0.024549068953966583,-0.9406096285313099,0.6429133483770136,-1.551006201668272,-1.437640222086669,-0.6583417128775026,-0.39478341334661815,-0.24933833417158363,0.751697127352605,-0.29252563694059663,1.0011457666194923,-0.494372293353484,-0.4096681873707414,-1.7632748488006238,-0.6189425233775027,-0.6460607521089647,-0.27330778322942906,0.5662438563681643,-0.7599914866471427,-0.4121422285919667,1.8427894472020765,-0.2287643766722351,2.049344088399809,-0.03230555368979433,-0.6918457518158435,1.1429537324530814,-0.9485248483174584,-0.7051809749409469,0.2693421900649672,-0.581290747304251,-0.5328176855962522,-0.10665028547633106,0.3758120144564696,-0.7120791849419378,0.24686747366259415,-0.36330947394163443,0.12367286925138696,-0.5688536050744085,-0.6868599376759011,-0.7108760925191252,-0.23572496618241276,0.9510554997902716,-0.10397498547905946,-0.11963434437361473,-0.25881752493419147,0.6641425022280806,-1.934564184026188,0.8494671294460153,0.16539490143188454,-2.1724427566246884,0.4037407423569761,0.9911711905405585,0.6967844766315715,1.0971170152119212,-1.718527653255892,0.45233558961191384,0.9101218130774976,0.5322377922164035,-0.19206116223860928,1.0745805714445824,0.5934064367210965,0.11821431786472235,-0.9251516363812025,-0.6722987608938054,-1.1609230810989155,0.8973593005284035,0.19581322499908269,-0.037927890200339334,-0.39033881922806846,0.7305685295582541,0.3192800812810093,0.4171735762237805,-0.28532267598691186,-0.5598811902616851,0.5944975981132286,-1.6291452755358153,-0.26604271923661554,0.04816538989935664,-0.9227797158610508,2.022399393696277,-0.8011408812609591,0.2198335263386647,-0.6984022765322522,0.2527428764166593,-0.42096265793172133,-0.6838402079515323,0.2753168653535549,-0.7996468412682888,-1.0538898387031534,-0.7473309699779855,0.5552625506502922,1.0423800574954505,-1.4461911744599916,-1.3317658060063786,1.44848783806914,-0.464563572005038,0.6563632260653893,0.05590552002484951,0.8425985164948451,0.4831024315931411,-1.9694972739206955,-1.4154058231062787,0.177057222891375,-0.10842592347197377,-2.9647376432242276,-1.3108818461255067,-2.217253324907948,-0.2039822123278054,-0.38616167095843346,2.7564889222090536,-0.8525003414240789,-0.23283803036197825,-0.6485356135664659,0.5548837441036084,1.13977074649806,-2.320330502068838,0.29703991778504313,-0.16582220121424926,-0.09839002405726362,-0.6724272223501548,1.2467292812973514,0.6602506896825612,-0.5979702316034303,0.13120672595014599,-0.3116323565113067,0.6886223437218142,1.2684179925366283,-1.8225081185048515,0.7189651297687781,-0.8171237870321859,0.36192772695558406,-0.5265651479054946,-0.9713908191733113,0.45952557472979455,2.6277464345981367,-0.7045807241837886,1.3411710187814079,0.9599939371060895,-0.11626022092275888,-2.5855721697797245,0.17098145269156706,-0.030489870727306564,0.9182168876980253,0.8861729166103596,0.12767813924943103,-0.17127806620355612,0.23845132976007977,0.2559767682247313,0.559601400389903,0.009415979244389798,-0.6993302514601396,-0.24255370322401135,0.21141639105331653,0.032327683212408545,-2.06692117086767,0.5995835262677206,-0.8338373665619061,-1.3404182081863887,-1.1464685674748902,0.4950733601788076,-1.0468095062698166,1.0303972112498387,-0.4442311699040378,-0.5832241478676035,0.02760371804346335,-1.0116105307139374,0.020769069801597817,-0.8130530843523911,0.22148625589176,3.3625393518599385,0.005524852245384125,0.41082388769717776,0.6952124238803538,0.2566726642665458,0.44743469285147436,0.5498432107469614,-0.7205353285161009,-1.1334814365738015,0.24158034123672512,1.3981295557145552,0.8697848469579228,1.0807628368945894,-0.05719994229241755,-2.2258028169258113,-0.6061266982896176,1.0337278541076043,0.6102987713662023,1.3830871939129592,1.707844979910968,1.1531818498177138,-0.785568465432094,-0.05080247413886982,-0.47967057943314195,-0.5237713728450943,-0.44512848429647167,0.11268999888466365,0.771936247267996,-0.8919824697633161,0.5559585910023123,0.6872743921581913,1.1696505126933332,-0.3983769043442787,0.90903586093055,-1.080189884969919,-1.8399451399374898,-0.6208289705824969,0.6961451752950738,-0.7984903891055509,-1.7326596905501366,0.09643688621506298,1.2353428082594509,0.3858381647419694,-1.1647901971251815,0.08561155238954082,1.5212645679507872,-1.5933584578458835,-0.9517175290917473,0.04688633338298163,-0.09796619757602332,0.5932544934021786,-0.6682065535878521,0.17336147772887803,-1.5319400855113405,-0.09107771210067919,-0.8724000758527318,-1.7852733834798784,-1.1810514687156648,-0.8682957691778609,0.9021873489421601,-1.2793174936172993,0.8127915202603838,0.5177086153417007,-2.9711725179751616,-0.08237846240168009,-0.6206016984485999,-0.059391277479315156,-0.9039257351593011,0.208458937001023,1.2818997919391284,1.6463811228950218,0.4812170584948708,-1.0211825614405174,-1.2412527369283144,-0.9954638650981411,-0.07520157318892043,1.2612991261239785,-0.7603007625685311,-0.6220437835017545,-0.4933648942003334,-0.2253539902494052,2.6196238558364264,0.9447820175607045,0.11860584432791296,-0.43841053899981486,0.7254467875107349,0.34345441943850114,0.6697272721950708,-0.34631225802396703,-1.0602940269995755,-2.3518575076340746,-0.3561051309977495,1.2288582667597563,-0.3712933385340327,-0.0033094902038487447,1.2699398773054127,-1.900050162784747,-0.25966689675920207,-1.1309321224943276,0.030223666203771014,0.053862391626290945,0.24962842314444222,-0.48209339857496364,0.252171875288744,0.12530508603041293,-0.2619545041841766,0.43240758109461025,0.5126239244941188,-1.5779006790388415,-0.7763977535237303,-2.3476576362919124,0.427071631905255,0.023352533300654968,0.017819245404364484,-0.23447808456355482,-1.374381519095516,-0.18142062977246312,-1.9136777121761246,0.2057883638083045,-1.662304116107497,0.678741372415681,0.6558872440405821,-1.4949897981141154,-0.08121498726514498,-0.7774209924675481,-1.0433497394052873,3.748933576482898,0.551652538251782,1.9395241024068253,-0.21782412264650686,0.9398311287952406,0.5774396649269841,-0.662988997271032,0.2227044702235643,-0.44372478821505923,-0.12173399101358788,0.10135457915511231,-1.194661297869659,1.3926875475608624,-1.4125474406055456,0.08694115334436579,-1.0362134928187892,0.8750554240541728,-0.26210876838012687,-0.9044862194813111,0.31836394296487097,-0.8221417694304948,-0.7545248033596839,0.6546047222605561,-1.047097799734418,0.6882773131219947,2.219739135999723,2.3909726968605765,-0.21651293350874698,-0.0384769598593434,0.41609064782564775,0.21198379264382367,-1.2796852382215793,0.7233814011590175,2.1237948886418385,-1.2897318242924827,-0.6086966023548608,-0.08660971791731799,0.7023728879178653,-0.6032096463981771,1.378244797693073,-0.5441549117809606,0.12704219578359494,-0.8493215912773174,0.697290508682931,0.7738522268887783,-0.03354600296439377,-0.7144786345250391,0.8689135725968815,-0.3856362863094892,-0.09609544031617763,-1.614172034448236,0.42858756033418205,-0.9044785026698077,-0.5653895803895985,0.2277938369286982,-0.4619963874479198,-0.8817310994013594,-0.42781875090548993,-0.23748264190534346,-0.30920544304656533,0.7013883261256754,-0.515545299787006,-0.8914317375513361,0.7542278935954603,-1.4861587100286073,0.5906646677726041,-0.42684718606772176,0.7955713562850393,1.2198993726049574,0.3287388940040008,0.07742214052003372,0.2808599258691282,-2.07833430558897,1.4570931827487705,-0.35244737042751045,0.21899077676769096,-0.32950755107507973,-1.2179567374340912,-1.0851216602629579,0.40654647208561795,-0.36392049753703826,1.911142391428775,-0.16331999625553106,0.5263418335075268,1.8138470660474038,-0.9873166228361556,1.3759040901271766,0.4240674700157995,0.36936906676787734,0.12404736269485041,-0.021881552817883947,0.38021098402139064,-0.19967695353630863,0.3884861575230338,0.9364858346156866,0.934440054516152,-1.4787648349414428,-0.3991986159066131,-0.7017975215457688,0.3413037621421661,-0.5590709471766936,-1.2845894122278636,-0.641875354369852,-3.2475038465346118,0.8007197675475568,-0.025716016665784505,-0.7457685043229231,1.013412920498224,-0.05753971495825212,-1.6300733265151361,-0.04586996397855352,-0.688056925248478,-1.8149854961888232,0.815095926807185,1.5768079947593048,-0.3655864011127344,0.24101172636149024,0.8940523493035081,0.048315094649979975,1.1907018298707475,1.7644577267475783,1.5592049051891985,0.060200322553352566,-1.2104900422162372,1.3963079948474661,1.4551575854864425,0.7966955024154616,0.8284603740883246,0.1915183512190036,0.6406221441201871,0.9640319560764388,-1.4749293747090304,-0.8325809995451283,-2.3881171074991503,-0.010457175983111333,0.2637859963177795,-0.3146851353861067,-0.9848102979307107,-1.898875069037452,1.1529064475514046,0.6671517050036749,0.7577274863221489,-0.7480355322554303,-1.0261804661493545,-1.299320642795685,0.9587258336082756,0.9014908427865607,1.0069512722694363,0.9190168826085663,-1.3127548782934273,2.4788675959629494,-0.25588420804472994,1.3250922475826796,-0.9011105027245201,-0.6587963694302953,-0.5071901532578054,0.6819110624509005,2.018807589208838,-0.029142787182960362,-0.14256809663971126,0.41089481501607444,0.5977927517758467,-1.3975789155192144,0.6590442855774534,-0.027634609914280885,1.1795908663197974,0.021784135635768517,0.05415777702160333,0.14700838474389924,0.6774477059662435,-1.025908943114824,2.5712741900149263,-0.7626088369635227,-2.169403599144272,-0.5702061161819193,-0.2923440100164817,0.3850047041735324,-0.7514080065077704,0.4339423060293948,0.3537922620714976,0.8294766189192053,-0.6805336041160809,2.783013372785676,-0.604603645599477,0.3496988606423613,-0.4126613568514634,-1.0064964279290627,-2.239549770462279,0.04582668507334316,-0.6068604959342434,0.4556048203690039,-0.25825119639941585,1.7573421637593996,-0.12453991166629742,-0.8991677496605359,0.1962974057456073,0.7346356275859934,1.137224886935623,0.13106773280189388,1.0301614315551895,-0.7034162666475201,0.05362812143958244,1.2473882921483956,0.2192637434985384,-0.4924519006182438,-0.3729141273101213,-1.9955903048588433,0.8881933123860994,1.3795685145434131,0.7535817917564931,-1.3660428795510673,-0.8059330110926793,-0.0026026463388784545,0.6164046467276113,1.819707317973738,-0.3261031627775662,0.576859313385308,0.2107343951259163,1.3381335679469728,0.26266199657514233,0.07657926555954936,-0.9456807765538721,0.47310582995001504,-1.2488253859433458,-0.1110913153474445,-1.5535561409708145,-1.296001078423197,0.9640504712303615,0.07124736575011646,0.1626292503082836,-0.5999143753690973,-1.6130573723687756,0.5502916526308242,-0.49320210561682976,-1.4283988695615506,1.6313816118785889,-0.879348826618954,1.5938833436732152,-1.2104597604943816,1.2428360653897215,0.5059703870200577,0.022260482972385053,-0.38744715521152323,-0.42810565353950947,-0.89191139249135,0.8939523410755673,2.4995797344613204,-0.3758545547036754,-2.1113889206204,2.118773212590975,-0.6198363556776691,-0.08252583111475903,-0.33091733637535226,-0.8412180529126501,-0.621063571371682,0.39051032011381637,-1.0934373830626338,-0.49824730244803883,-2.090982391878252,2.373664673219435,-0.4219499983162524,0.8656020465999722,-0.42356782326487613,-0.28211350593673307,1.4580994280945534,1.2673253485775622,0.4605976131477031,0.6606656215845079,-1.2250286818451976,-2.3364556109112624,-0.26194227648023255,1.6205927339352817,0.3444214238124397,-0.29116383667090345,0.637138785336873,-1.5711552225687244,0.47267718838731143,0.6213657898078184,0.8256662971089805,1.406445995339781,-1.7264851974976,-0.5069396437856618,-0.5646275067815519,-1.5447459916247304,0.8097986391185096,-1.9636560874197404,0.4345768857496563,0.406592841869186,0.24238824105861842,1.3771029043596121,-1.60023092688921,1.2178049116969374,-0.3365825199347551,-0.8628364536997775,-0.6691863601137612,-0.024613637987909425,-0.4513746212119302,-0.3360833599202442,0.9285405655369088,-0.4394772941486555,-2.2792581111821377,-0.6125835771890834,0.33439411273037284,-0.0669995151745364,-0.0070143794824074025,-0.17304472381578584,-0.038637376406410996,0.2160767296346647,-0.0826068643536122,0.4865082949781636,-0.780078049919062,1.7031283195941735,-1.476308119462053,-0.8822671573410767,2.236866592509535,-0.0490439621029269,0.04919198938816615,-0.1051368699533291,-0.0009762837032935554,0.8579219326347098,0.4917131562668262,-0.3187091996737774,-1.4346670090809281,1.1074033183497878,-0.285632368226316,-2.265317690546478,1.1824091745353353,-1.7959009283245602,-0.24717010376399973,0.6398520546725088,1.7753949124858064,0.260580359499601,1.3786555488128334,-0.9602190870592182,-0.49630388683729454,1.1252563335779977,-0.20311916105354233,-0.2531572905418295,-0.1907923060081521,0.3645881922287179,2.283800066073586,1.3333592044638587,0.9062052364492037,-1.915720644751201,-0.2045488016950921,-0.15444430146868987,0.9404441160248567,0.6311617419358626,0.6885033687871708,0.1425108217677021,-0.49667806665867337,-0.6729321552845391,-0.35288808059763754,-0.7205786681793126,2.287954331708231,1.6417274305417981,0.6469575918609952,-0.31855579800759415,1.870043205215554,0.4500153039434405,1.3785127379860027,-1.4337392364725654,0.19578187051033796,-1.5168911909450675,0.03906894313508173,-0.9856168673355398,1.3214193366787543,1.0381762540620616,-1.3136306549713266,0.030775395931598518,-2.0755751953448014,-0.5081154412455665,0.8389637665207742,0.8421796473486273,1.8082808215199702,-1.4255325878822271,0.23875798107005322,-0.5060695292189712,-0.05276720659226458,0.9720443939801484,0.9641764177083101,0.21417591138135933,0.05323436125698096,0.38164718928754743,0.9233611126998272,-0.08075561140359529,-1.857868450373133,1.0757677011639302,-0.2798061628075568,0.12942827911643565,0.06825801968530115,1.0636711345860024,1.406054870771159,-0.4949104720026003,-0.5147620280347002,0.6065899996181352,-1.0150307314528266,1.2131513617153664,-0.06244419869211856,-0.7918378751062939,0.796721253439217,-0.19691963946147858,1.0255588817043069,0.9222390633409192,-0.6202554809804552,0.10497504237341516
-0.9389020982752554,1.3346308913239695,0.2811134014862814,-0.2549097202964629,-1.1488768008444714,-0.2656033777857906,-0.06403817824644004,1.083841998166416,0.6536440720236391,0.6523979343842725,0.8736036978720237,-0.052796538836671375,0.27943935768819994,0.1428770223102728,-0.7978224350499209,1.2523361421896282,-0.8102116121817972,1.1298778762675914,1.4436210002103311,0.7023410772951539,1.958266701250417,0.030626829160927474,-1.2230960904365935,1.337364112314878,0.3526489124223224,-1.459517066663088,1.8279805869008017,-1.0429530124197222,-1.2444712197308723,-1.3762488478153239,-0.2721253609752845,-0.9167566545823344,2.072259118721289,-0.27948930326112326,-0.12519371620643432,1.6741006643397727,-0.3190780563880345,1.1665493340749296,-1.7500135864845903,0.6864966105712493,-0.7800228363376848,0.7141733758569234,0.20002124881880753,0.8475929206832084,2.202768079680006,-0.5520487520071743,0.2564784980495986,-0.298499714535126,-0.8315071460086833,1.7387269533380232,-0.14115171865913437,0.032825128285915085,-0.3912662231410974,-0.5303717356203345,0.8064518777436204,-0.6223107040228508,1.000877212233038,-0.8770036856688018,0.35824686124006366,-0.1726591755817245,-0.2566890108976632,-1.2650911904846787,0.8306804746600879,-1.0742461978063313,0.7268252744308777,0.7294087923756547,0.25695166369049394,0.24211875487200335,-0.6542964645337912,1.99433778115721,-0.1545961289045192,-0.3379976090629971,1.6156589626317657,0.4273828403650272,1.4528035503836925,0.9415615280734543,2.0734211341553865,0.6221098349789376,-0.11727237760733034,0.49865147140866894,0.992470024073449,-1.1751823302511903,0.6205870101840762,1.2380724615788736,1.222941999481059,0.7092018338149263,-0.4721190434902321,-0.135097692942033,-0.5906035953961936,0.14700051973710013,0.42726064306790157,-0.56314028867077,-0.6200061300254223,-0.6807367225111101,-0.3882591512061352,0.10233461103721946,0.670127236025561,-0.24576259845651513,1.3229570478927848,-0.7267579137383243,0.1367312146328471,0.3003584309750367,-2.1652910445464424,0.10199744025822476,-0.8519269409310946,1.4173018384777978,-0.9781561873055465,0.633157567982298,0.6793268955626592,-0.2557268469040731,-1.1652342961934965,0.5137762793865528,1.1604451100250468,-0.8520501173781301,0.2879325557970392,-2.4293920713471793,0.4132030885527494,-0.6134888843523484,1.3397527341925952,0.5483818566474171,0.7393546955729939,0.6927715296499038,-0.4283624150916495,0.7582099583735762,-1.1579441001605082,0.6339582225595742,0.41714756483928306,-0.5185571896897367,0.6285726247125755,0.31916362247880914,-0.2637967235075177,0.004643511791533966,-0.3463811144878862,-1.7420933868795945,0.7640289445849008,1.6225648276506335,0.6808367733756814,-0.5134334143906999,1.336825746222436,-0.8792885744805214,-1.8890496637868204,-0.5631705394858008,-0.8412881656581579,-0.18967230783640915,-1.7163176454034683,0.46031006677109443,0.38583039320322476,0.9038923002365431,0.5740085397145362,0.678616745333694,-0.3342856466244819,0.1631573635215141,0.80049419646667,0.5205988725508232,0.29982830930817156,-0.9085199753627589,-0.84429353095926,-0.004187515472603399,-1.1672808033525741,0.41434787708604115,-0.8222823576958173,-0.6782239415927968,2.0827184350049195,0.07351893362910333,0.23071022715485243,1.7819396731051378,-1.0283462453760304,0.35100730243900663,1.4690131528606782,0.9317725600064127,-0.4122457922514612,-1.1833280769485224,-1.028939327889119,-0.12872984256320819,-0.6277994236154774,0.14544942015624193,-0.017354954965708345,-0.6235825610899401,0.6292349434390259,-0.7147888489037922,-1.1588922321168815,-0.6956140525223464,1.9076153239988423,0.01844174754291656,-0.042526864649674874,-1.4083854538929363,-0.02640625622879681,-0.9727118935885959,0.7194251340822851,0.580992248513505,0.33660408873807185,-1.7546282016685053,-0.085105904263214,-0.6764386838157713,-0.8248735087291962,1.1860102406241377,0.4293041341394485,1.985993285589744,1.1411911197279045,0.5780927158302888,-1.1686266110325356,0.14984397679444958,1.5945988645495561,-0.5442317705698503,-0.5971483197071544,-0.441975183906031,-1.7920065846793456,-1.6323086296011828,0.019673107757119043,-0.8523053824294765,-0.3025644337080314,-0.004229598868691398,-0.19718426059369573,-0.6936596070118348,0.05481827225531416,-1.6460994945307488,0.28231897082767143,-2.262770441653843,-1.106177105279218,0.14736914894995218,1.1925582741982808,0.721601102536221,1.5362286305482955,-0.6898216175569349,1.1890344364294851,-0.8843799755826602,-0.5613360745592071,0.057198424006842594,0.4322157635536994,1.2083839923563955,1.1264452519891757,0.1975697387108277,0.916645704404882,0.8240176221033733,-0.8058284387148411,0.8428726395018622,-0.13302720042814392,0.633759826401684,-1.7446254156061405,-0.18181114941956786,1.7964455768091327,-0.056582509275048785,-0.7865977672320392,-0.7246485045453771,1.1704253151329957,0.6404421476200007,-0.7776028689692381,0.18877069035368937,0.44549258078633663,-0.16162977078741608,0.5806265637034269,-0.7101936364254363,-0.9404551421332324,0.40131111143976045,0.2690760559431982,0.5755818484758485,1.2630183912265789,0.2182187965455081,2.000020875824198,-2.1681834951201027,0.3937485837910607,-1.5399228756019172,2.377499193541915,-0.6372842964898136,1.1044731902650688,-1.2153036048927386,0.28836700913400565,-0.14651242087912908,-1.3514258233002288,1.3571369391758263,-0.7851541566624209,-0.7936320899938383,0.9324277203412001,-2.699542200523731,2.155065141721346,-0.08455174385160832,0.1340547846392968,1.3258007702295382,0.2843884602267828,0.4402272685486555,-0.9282508008291197,-1.9085678641844428,0.5928517558698664,-0.6997564210412367,-0.1890049380518653,-0.9471805183477883,0.464234410738993,1.312141377744565,-0.29970993269368473,0.2918410042448877,1.674351797915371,-1.0955440832141148,0.3093701594880398,0.6604612456969656,1.0035914903535352,-0.5752281659497971,2.4761776823441544,-0.31310344165304094,-0.28728491196610717,-0.9914526336483224,-1.2687945957404627,-0.442523416454635,2.366133431915112,0.810791003306503,1.6757221569286669,-0.4579416150414085,1.199577581673751,-0.03481119953135166,0.5333706406172205,0.571133798062762,0.3341749325175843,0.360664666112243,0.1576946841022002,-1.2963791922132555,1.8365210438913113,-0.5401626176949188,-1.2970317395912647,0.8732834688010391,-0.6281997856347707,-0.014572908821367775,1.8068935623982443,-0.2921220190973965,-0.37506172583353825,0.9816277772859181,-0.049866793922178874,0.4836449845272826,-0.18076706824820482,0.05832469501663541,-0.014027045839317954,0.2635230882673303,0.7219421403758717,0.8029526539399323,-1.4040736863038703,-1.2478389783971588,-0.1825671665219265,0.8513743817433235,1.8950661234104893,0.24059417388456428,1.8022836285760508,1.530474751045016,1.3565979206731849,-1.2955885376034073,-0.957196470454143,-0.9585526694859576,-0.6373491863763221,2.111129778175048,0.6571957502345664,0.7618368791734178,0.710397024568527,1.4702705147864572,-1.044546687606216,0.07259657378463859,0.919762045009543,0.49408347816451803,-0.6993557084864289,-0.9333598996268399,-0.9005201433804986,2.3208515478796428,0.2896945401514269,-0.11870839850225887,-1.0612827261412168,2.2850113628697253,-1.9859343376194578,0.2520905052162786,-0.29932327253395585,1.8960300997021489,0.22462274014519298,0.4839909966934052,0.4146102733328817,-1.3136872552405026,-0.1081491649838262,0.843479360611696,-1.4767752391212425,0.4547509860459859,-0.5400058543884536,-0.8166017197133455,-0.0004764134708264738,1.2498435271908477,0.10849632948771977,-0.30889808916289346,0.4518647682934703,0.5634313345783567,-0.49255711108469263,-0.2958261420738515,-0.09919233857052961,-1.4690116330652145,0.14518452262701095,-0.8470528051983778,-0.4273915486904129,0.09705053625202312,-1.7183399140632885,-0.02975581191484213,0.029421835568314136,-0.5225317985010852,-0.3323273814013894,2.7982866986507933,0.009181675284816495,-1.1219986109777946,-1.3326893545277902,0.5180409484431271,-1.5373809538498544,-0.2504387550227498,-1.041178681650577,1.3013961677365102,0.05561475497866156,-0.13494287154224577,1.7847762484686536,-1.6020682142396425,-1.0353893492657498,-1.1329276301897153,2.621138594677968,0.34537431163381305,-0.10810798142384723,0.7057390858341172,1.0427670777860856,-1.995274268580914,0.6907104794999234,0.61785999549705,0.6958776122265262,-1.1872956515709923,0.15001269170426562,-0.3929827022979878,-0.017239333415891664,-0.5784749953900545,-1.1283248485173036,-1.7101960031994488,1.468947541685725,-0.4321185996372847,0.4098668273613842,0.607850401307898,-1.6938150363341509,0.9831166392614852,-0.2295983609764476,-1.0907222290428646,-0.9897341792757708,1.6106028713963862,-1.5057413967891788,-0.24566829454877676,1.336901284272183,1.5570431875700115,-1.0480142322244494,0.20015824134627794,-0.595400219235379,-0.6706459502197608,-0.7698394262882151,1.356532213689902,0.3106427073752056,1.2463760605856022,0.6486627077026514,-0.6688395309570238,0.37784373590043147,0.26695719547182994,-1.065762004267372,1.5780022387452062,1.3169900049551488,0.044961516029922356,1.4625015414059832,1.308705640651382,0.7198494132845078,-0.024489547211131255,-0.32587970208240724,0.5957483916666156,0.7061369585905953,0.16618971667391993,0.13607435259458311,0.04635486713387007,1.7932125413453497,0.41931104013447057,0.04379582060398135,1.7073922813608589,1.2365822708075667,0.3061615390406117,-2.0902384877931595,0.0876605605427124,-2.2896283479363455,-1.5956728593790206,-1.0063076253689358,0.7690913075253661,-0.9145310802715072,0.17726015767168202,-0.18252530924386826,0.08454449831805892,-0.9549600609463378,2.2348780836845954,-0.997079754180151,0.9626487175230554,-1.2700421677507128,-1.7786045757830953,0.5880494693388575,-2.2132848009335104,-0.0172766320514108,1.0095395521476032,0.5593368207191888,1.6171808183427396,1.271313352818365,-1.4597676861109936,1.4641057798133985,-0.3645100260781296,-2.1681539436341684,-0.7584755953896627,-0.9850051141587292,-0.002504334619046184,0.9662781736165801,-2.90541278390099,0.5567523377348423,0.7039412850399509,-0.5883242147123589,-0.012319286920516353,1.102950413706869,-0.09260741383601392,0.9328982561253537,-0.2768190106483557,-0.7750367294112586,-0.03793264698655222,0.44125161737367413,0.021365970375494498,0.09031792931266111,-1.427417850321564,-0.7694676482246596,0.6992646117860681,-0.5301136279134933,-0.45590539865130497,-1.4877353208273585,1.185256812776276,0.16338623791042556,-0.07030224353685005,1.0606884169076267,-0.48309687424594866,-0.8719501958347208,0.8941273714923814,-1.2338916765950645,1.256950680031282,0.37786792672624003,0.5464535019157627,1.1938126628243828,1.2025419640094648,0.12837032404185786,-1.1185256236671273,-1.4336307864064184,-0.95821380946131,-0.14389716923072987,1.3683077947754996,0.3193419171194026,2.2141516751259194,0.08079551188814688,-0.5975998841175043,-1.1264386270354634,1.3679984343846179,-0.6861720148325688,-0.36622161704124295,-1.3385883276676322,-0.5840939707829124,0.0477379453332891,1.5221514304348227,0.5639921497308092,-0.4005017265523491,0.4059217868949953,1.4653830864111226,1.421285624198156,0.45338287540500877,1.7764567982917223,-0.26646524788741566,0.7054867505061925,0.6316032398908394,1.003257240292747,-0.7806295814042006,-0.33351895469643333,0.1537379194026184,-0.45594581040742577,-0.17006286551667096,-0.528666936641124,0.4806246759900221,-0.6452077651677043,-0.7939460659881394,0.48160784959468844,-0.32899337206756196,-0.17067374079711578,0.8094893784115154,0.04337106471796021,-0.37567732142140814,-0.23220885350417828,-0.23148453064609667,0.04557938155001365,1.521431355996575,0.40284988977265435,0.664001676521764,0.2670954465770857,-1.2148253466415284,-1.4778526712539126,-0.4274148907885353,0.5049061299376327,1.3083670977456856,-0.29266292851224934,1.1924005128017447,-1.6387218428338146,2.3588708856153993,-0.5012353843784588,-0.07154332603261239,0.4305167933585363,1.2014359190729842,0.006309893405665179,0.004179595403567027,2.594333936002918,1.1106554999230291,-1.6488575183027117,-1.7677319261003979,-0.7534439312163973,2.058556232801876,1.0887440672438553,-0.40764149534322264,-1.373860389524757,0.5496733627403396,0.5120960223028114,0.7537364364838917,1.0232572599714387,0.2754314475057972,-0.3745038659834703,0.23373517785748238,-0.534067282082638,1.625894277264316,1.3484360416419108,0.20533200577986363,1.1410920817278192,1.088283183190069,-2.8755261392340095,1.2263354221150953,-0.8384380271875491,0.3351296910864815,-0.13867822424914375,-0.6246350773791307,-0.8137561245725603,-0.4068990272862007,0.4242971373830332,-0.3529884664656831,0.9223759603512263,0.046934868799508325,-0.9003217660732643,-0.4330238458032625,-0.9136563368931601,0.5144479476568112,-1.2190249037123317,-0.41955579422394573,-2.131819089311497,-1.356723310544379,-0.7539327277030112,-0.2892438688563463,0.6065439537027547,-0.7190281217203751,-0.8633468127283898,-1.6185496684787588,1.352627965869556,-0.6858331637622266,-0.0009266011549253802,0.07326077557318446,-0.5138100923057352,-0.11744909118308898,1.9491382296911204,-0.6887818924331655,0.4390570391010379,-0.16372544784206877,-1.12477479836448,1.2381733133456427,0.5814577479975911,-0.4593672563388526,0.1240948263702407,1.5379952131056946,-0.3142032990137128,-0.018449422085217014,-1.3592263432492502,0.35600503962331054,0.8068176742440671,-0.42569222678354873,0.2104554781761857,0.6142413946567109,0.14009952161838754,0.04449079182876707,0.733423088434519,1.09162954493482,0.4933176713908435,-1.0116135644961985,-0.6810315080345694,-0.3291276129329447,-0.3820477722748466,0.1319383850798652,-0.20438403818684792,-0.7882496239384715,0.29749514866168747,1.503980239952588,-0.6779894364458054,0.4568485570447553,0.01428194508212474,-0.5952623906219525,0.747150120270985,0.6087507661173738,-0.4249612016662729,-0.01481394865567114,0.8117624419272407,1.274017401979618,-0.6343824670502478,-0.30160387164642843,1.8947800432800281,1.0766418329299867,1.4233099994408684,0.7167807591651524,-0.16087257132007218,0.8362363736537662,-0.008112381423985226,0.8474564288679093,-0.8492776174591079,0.032681477397152006,-0.18861813419387127,0.49302912436644736,0.37335533661924014,-1.643225017755109,-1.8538412476783905,-1.737573222025248,-0.5690906490493001,1.2545356814320017,-0.24608406940793864,-0.9089905645823261,1.1052080032579876,-0.6865595523278342,-1.319475277914536,0.18440347415631125,-0.6698440242664997,1.3724638772672395,0.4309972479216144,0.6874426834850361,-0.11532849003083348,-1.562314692919022,1.439974903612694,1.0230133810227662,0.7891011563312786,-0.20761657226611252,-0.4959011035497724,0.25502739774141886,-0.043709616595439725,1.9755241900802545,0.3288277743250493,0.2999093023134917,0.3667918669511745,1.6804573927839637,-0.4909054155012446,-0.5515517136125783,-1.6326838422177046,1.1109199956214435,-2.0297690193177513,-0.6064360261989679,1.716213769526369,-1.2138367515251562,-0.08691972823345447,1.377813251521941,0.02889034536737994,0.3660098922462131,0.35949164840804704,-1.1260738630624285,1.9165327175126836,0.9635609026297799,-1.5358815806393613,0.24259887482419887,1.1909675049269552,-1.4082406193430446,0.193294841266747,0.8013884044138073,-1.5837214358642526,-1.637738741430941,0.35389320052464857,1.1087781630413405,0.4596197873972188,-0.2542925147447915,-0.447420379444229,-2.016445105319421,0.3644459728924565,-1.253267792085725,-0.4030048821639332,0.6677857901531384,-0.5854860367689289,0.6524651320709072,-1.0604678440148916,0.07318097520298299,0.4089212303444611,0.7647719371891342,0.392534242551032,-0.23446565925360308,1.0587319096349983,-1.4988716454908697,0.11169764708562271,-0.7664480142587987,-0.5459782806558459,-3.637650704929372,0.30171687007065,-1.1405123001569109,0.2817530561068068,-0.42072826524756396,3.0013848446897367,-0.21625581284456605,0.5240634002819092,1.0988172204922355,0.7572118099571438,-0.5570652643128451,0.9583969785670043,-1.7310276610902136,0.6938515753699761,0.14351836197157836,-0.00019530283556203057,-0.591711240566796,0.2549813180984418,0.8456621372487838,-0.6156278268809329,-0.946640032782399,-0.6884970145601923,0.28294208298099655,0.36791938020051895,-0.3129821435335494,-0.005575090861619597,0.19778442557924755,0.8506055506835739,-0.7578344267106686,0.8867781981600448,0.805113727782962,-1.7409053495115159,-0.7320570158002693,0.09820790545284995,-1.628538921838227,1.142501914169398,-1.3470935645506117,-1.1180461630058676,-0.036493943183379216,2.1810245456277393,0.6255534197110038,0.26050404987934106,-0.9047078009837171,1.280313654129292,0.920671841292871,-0.939508630452545,-1.1036549213683349,1.3934623355374784,-0.29723887006290955,0.25630407732265564,0.11994427045984085,1.1387213538781533,-0.5306883528165904,-0.30286201670925006,0.8950712169073539,-0.8289226979065709,-0.8880761427318776,0.9006064222341652,1.0881841086277184,0.6846608756208767,-0.8162380603921728,1.0484847600151408,-0.8484359528104485,-0.23798663330756656,-0.3286642861089511,1.0042375371393355,-0.7667483653300768,-2.3606989304462433,0.05929247555590677,0.05304227638308805,-0.7657947566043375,-1.1498654330417948,-0.288356034792292,0.2568586518502386,-0.212469488636101,0.19896928679911763,0.6435213963946793,-0.12455881167499652,-0.04382798603145995,0.14455678427769972,-1.0516694268953448,0.6692198894779996,-1.7359669619197,-1.9776829494210266,-0.5773597167130836,0.25008024116639005,0.6324174856174269,-0.9207794278898908,1.150518759999305,-1.3156320974187612,-0.07996503555725028,-1.0713595598212464,0.6668958679806043,-0.8470779202253,-2.251938431225211,0.2235103788924233,-0.36264932289818613,1.9853424418959074,-0.8443510426843354,1.2788983818822477,0.9583352818305103,-2.079588941955266,-0.39022822862010903,-0.08771143352925359,-0.6394935588301537,1.2458956381681519,-0.24518253692228267,-1.530439141283921,-0.17460273256294928,1.5872106229106437,-0.5827879011721755,1.1645806982865015,-0.45851747345398103,-0.79771683789525,-0.07392084525563773,2.423593816680819,-0.4688793818253752,-2.2660911889825823,-0.8907062151696471,-0.7770510600304295,-0.9897513388698281,-0.2694316202205276,0.14192189427011426,0.22755314715214958,-0.472961056429712,-0.3673081603235019,1.116921701790783,0.25592240815709166,0.47867638923112105,-0.4804558178493998,0.4923308817908707,-0.8569853818257962,-1.2656966889498273,0.1324659070956232,0.3251305107028622,-0.6297159187955397,0.6673049156342217,-0.2706435342709397,-0.8250929047704951,1.4948844546175688,0.17166360862856972,0.7908301341667943,0.7815711308724005,0.2246625401687544,0.09086385545104053,-2.626307226346441,0.40708178199995104,-0.5263432410252263,0.5441422105573073,0.8363146020980511,0.4046952593294463,-0.9293054921598008,1.7450726941282406,-2.5785123588300753,0.22631251433042976,0.5338560726706013,-0.7307972109080447,0.5797063230171061,0.6720957413331174,0.1336543263592018,0.37506590971209675,0.11462865091788259,0.7464637846303335,-0.03254196047885285,2.103012408002556,0.21599880058652915,0.49637457188673095,-1.0453853603387118,1.8363331936246816,-1.53256856602413,-1.8025333516525268,-1.0244734708104335,-1.4699939754543785,-1.404359355975549,0.9157098341853415,-0.004177715076412707,0.40895750005507225,-0.2313484732851865,0.6370531826615669,-1.0672978728329416,0.68985931780641,-1.0037032853360022,2.0297495939294388,-0.12455091929008022,-0.26311496296847026,0.14149664797474945,1.0796144444972515,0.8083751522690377,0.35885708760203655,-1.2818322896962293,-0.08754852577783248,0.9575620098857467,0.5891758383551061,-0.06176767849801832,-0.19996080055204915,-0.1977936368332953,-1.2671321199266095,-2.6428128181978363,-0.11054704436081197,-0.8552411820262932,-1.382934672496702,1.3043363848847471,0.3064101467725592,0.46934946376935055,0.7176268879965192,-1.5847904124850345,-0.7297204252793825,-0.45713978484211126,0.17779495254596425,1.562059616072465,1.4709931392074538
-0.9280245790095027,0.9172117332043422,-0.4241544764375668,0.6273526998548712,-0.5826069153180748,0.37203407010392187,-0.037675266212442014,1.309489862412018,-0.05754043636418976,1.8441996862105097,-0.87491181492996,-0.035220229401581496,-0.36555317669454,-0.45018573575161885,0.7889029726667734,-0.01910577118484251,-0.8976906163448677,-0.5620168243919995,1.639270794882631,-0.18588350618353433,1.055698800656976,-0.7637018425423872,0.02817220049622119,-1.8518842264634696,0.5197761214696648,0.1779476222815236,1.7574186214310834,0.18866984517876215,1.057571694670755,0.9310967307900402,0.25789369761143954,-0.030153863043352346,-0.15607472661374636,-0.22281196298131775,0.002647264223678865,0.9025355670673735,-0.02161146381105936,-0.9340269046816239,-0.3194146038196931,0.9411467087336585,-0.42818420638165416,-1.4142021446148165,0.432068628340121,0.4998810805459103,-0.2227875945526568,2.134180762399796,-0.14818580751788984,-0.4324876358803199,-0.49047597215390965,-0.826150686829518,-1.558160469839345,0.21611224467397808,0.43667588510991373,0.262431545292356,-0.6400142412714876,-0.1659708151320852,0.12765545493746344,-1.3715801336316173,0.16732813194415955,1.629176992001121,-0.9611362277193907,-1.2120782696114025,-0.20348432310610243,-2.299768605763028,1.0976792430783593,-0.10426097251226074,-0.8693035995477093,0.8257193357916177,0.21860133185610325,-0.46136965758522674,-1.7130382423197392,-1.3603784474319436,-0.1696987841059185,1.6552972549783231,-0.9373971208628697,-1.044912553475998,0.7145781018023581,-1.188039599740758,0.3945822056375282,0.1329180066960777,0.05363958784752163,-1.5665569182266577,0.137948879635901,-0.861179785306327,-0.07455440275383611,-0.33724233744426285,1.11127139840941,-0.40987949865502277,-0.57236538922123,1.4764644304225722,0.18739925189267095,-0.5239820610208079,-1.3022304936508655,-1.1482349502096272,0.6399127311817836,-0.08469122772514569,-0.8937805010394819,1.7295204185078425,1.1965388044964527,0.8321226709911768,-0.4671355675261828,0.26122453709080967,0.3472199298675396,1.2159584525905922,-0.05966633494429395,0.9606358621939409,-0.7398972417769766,0.6802336896432069,0.3379249464572563,0.14356244045786776,-1.9267386415850913,-1.2275478278827945,0.9172165380906464,0.8462786197189817,1.139509720413331,-1.073649642341054,-1.6789269013127288,-0.19892372194654412,0.6673937803429535,-0.28250675824761223,-0.27985422854791586,-0.5001870833664311,-0.5843919943095693,-0.2503434796095812,-1.2208833813175242,0.49115000011882015,0.8611247411054769,0.7379924569301178,0.734044277507887,-0.16093035758393398,-0.29045934713940924,1.382389981641569,-0.29961316499502944,1.2018398949740876,-0.4595471619149976,0.6492836562544904,0.8152730378095946,-0.3808728280638792,1.0778974363038378,-1.1299829995479882,-0.607056048159954,0.9796124591770193,0.16392818507665646,0.37738739363497237,-0.8540015449872034,-0.6632459232138502,0.8815044408928429,0.40737160870200917,-0.2744776680737168,0.6028745767570086,1.000918493482442,1.7874167800096907,0.2962397750004237,1.320749295460161,0.15393321882536545,0.03559751650568624,-2.2719871561143195,-0.8970507705517319,-0.5328390171362359,-0.015884420268218773,0.5831437509388965,-1.0098467553976664,-0.9111787748421382,-1.429241939643893,-0.3586712994892203,1.1892239868893477,-0.17392588960461827,0.9988496649666279,-0.25393703127413714,-0.5977052984489685,0.6392797722540227,-0.03894016432458712,-1.2791749724507726,0.5676901754333771,-2.384449619375447,1.401260471197358,-1.2653073501800167,-0.947787342628734,0.023669990218600716,0.6291131298572877,0.4121379705119366,-1.2430758967243625,0.14867647494484051,0.2968919905903567,1.0854837339709942,0.9697366170869436,-0.29932196012604784,1.015114158683448,-0.5258835273008294,0.7199300925067503,-0.27761362749710483,0.20577776169379605,0.2704587931313459,-1.810003351650231,-0.2589537688755433,-0.2552143833893912,0.4017606620022447,-0.17700446174829,0.851908974434318,0.8237271332542364,1.0609938655853468,-1.0835892407175898,-1.1681509683388176,2.030713484224341,-2.3809539053054807,-0.2647646570865281,0.30424910539676353,-0.6745214804357864,-0.07465266060276449,-0.7836216808125209,1.5942280418775723,0.9762301246955725,0.47649356785710056,0.8147588596489628,-0.4854698604567068,-0.5259450354635052,1.9249009467663227,-1.1432404464916315,-0.8335043167186545,-1.5692721468435453,-0.954818258132443,-0.8252391589542327,-0.45558517603157966,-0.2353102997221322,-1.3016084557488603,1.1591612554549078,-3.7790228709231823,0.8838915087112785,-1.5599229611461345,-0.34862520181026835,1.4371594533911758,-0.03207319864393734,-0.675518721687876,-0.4204532602634947,-1.481138723079521,0.8343711745728194,0.03956440059485949,1.2012654742967162,1.892957706414481,0.9443423304136662,0.7578112574356541,0.2069671625040455,1.1798289718789945,-0.3023275626923841,0.9553476130037757,0.10713200037909419,-0.348369869620978,-1.3317597834001036,0.3254608280027449,-1.11108183139939,-0.16144964756073368,0.865664098110675,-1.1255041118669578,-0.07776614817469442,-0.02610455612979774,-1.020569469135187,0.3585257393614604,0.6367138878103719,0.21517961280077583,0.13551210383255657,0.3026188763031806,-0.7207826845934452,0.30158183870439687,-0.30443205987538385,-0.974716281595187,-2.3011607769787705,1.7125831903792357,-2.067327933030398,-1.0976527997382748,1.3601846274922447,0.6831089719481929,-0.6292811141011738,1.15419986695441,0.513004725014956,0.7558941108404984,-0.5087495810523539,-1.5432384440431213,0.6408517240331698,-0.08806519457401558,1.1158080954408485,0.427302377485221,1.1864838023567956,-1.254538254995647,-2.1452913744151085,-1.4935769012937494,-1.177344431804292,1.193872981854808,1.675483617870385,0.652939594096532,0.876659622263939,-0.8854556367529142,-0.052704570054653524,0.24118594590316153,1.2303109367514262,-2.2892276389184896,0.6070510677766574,-0.6821962445524841,2.061060895179415,-0.05262764354820117,-0.06100468764882543,1.0423218555542422,0.38618177260227404,3.0337366789139764,-0.47771870856286613,0.5036888169969364,-1.5873680209749763,-1.413120967684962,-0.00393618722067739,-1.4231758477042318,-0.26162911631346186,0.17180505365864523,1.0824008201103337,0.8699105776528325,0.01913628304246622,-0.7507993289793756,1.0034084665631646,1.147103598841123,0.1330403560644821,-0.6522183855776961,0.996181939740835,0.7143103863085986,-0.16945798549903654,-1.425198421949892,-2.3619281734640616,0.3089832072684645,1.3089442000056493,1.4867006898314388,-1.0938440348575198,-1.1028693017509665,-1.410145205531773,0.8783379552028804,-0.9635551970529824,-2.3578796170415313,-0.8344578456653671,1.0078798413902308,0.0011664033313289832,-1.23068648840848,0.09791367074473178,1.0540430921767514,-2.0230361436676327,1.2543692559999993,-1.046570713985616,-0.1894619162215988,0.6419677486122415,0.6042596353467983,1.197951151473577,0.33769843736260935,-2.185421821632091,-0.05146636089963818,-1.7813405856731281,-0.6477199558382177,-0.036729158119599446,0.34141388189461624,0.7793388319049726,0.21350570437667998,1.0831441572208371,1.2348707909738037,-0.10506798622308783,1.2573206499563685,-0.9959450915061231,-0.5520616262400456,-0.43688258662409635,-1.6618870901485672,-3.215488969471385,-1.3938423194601124,0.026775069289209235,0.11572788956366713,0.11396565181460903,0.33940884257857196,-0.5072714085087903,-0.038841791086922935,1.3578438112678728,-0.4984084226170959,1.2546952308703057,0.9963159726824232,-1.1904290113459883,0.2602661972080897,-0.43560218899778586,-0.059630713645447815,1.0704118081450225,-0.26404645318247877,-0.7621866015360984,-1.2874612306245272,0.4143272913281185,-0.494102061085542,0.4224382309880832,0.37199661952561913,1.2070152562012324,-0.972182840213274,-0.710207948853903,0.558581772488782,-0.126826961066682,0.5082228892218033,0.4566747758770821,0.7324108970260992,-0.11720354248383558,0.07623494813760619,-0.32008288309613103,0.15939241789373593,-0.6210067693867705,0.993165236003776,-0.11862209131838279,-1.8317728938678997,-0.2962952528340608,0.8250591507778218,-2.4266819635035013,1.9417796107766971,-0.6100858294111389,-0.8357626480838792,-0.4364721305295448,0.7499916071923582,2.242667623498469,-0.4863975568508968,1.088276500033595,-0.9596963040031163,-2.3757919227831166,0.8218796420760534,-0.5498423681100767,1.520004804729576,-0.17687829944545852,-0.9614278125103944,-0.8796834529660116,-1.180739621095177,0.27427298877458745,-2.0096543111286223,0.6982929425020868,-0.023069069153792244,1.9070756478946669,-0.4810770893340787,1.1104361256445758,-1.0474600835656973,-0.3650007295703366,0.9187429390799172,-0.3346538979458747,-0.8374027589962849,0.8114014790749035,-0.35940292782337446,0.4291856602233198,1.445358537204258,-2.3261932373665704,0.176150617467487,0.5777058074006789,0.6833120145846409,-0.23326975019738225,0.17228096885279418,-0.06276649486883511,-0.6484401417533315,0.4890582239620303,-1.0804341072107952,0.692171548353087,-0.7851044523049341,-1.9102573961668183,0.33939318274816405,-0.43749110710741074,0.502035093552331,0.8394559920898778,0.4733043081194253,-2.1933957173540066,-1.0247804918255972,-0.3071150602337739,0.17758040773380304,-0.3358841334913788,1.3441425020992803,-0.5163163462339804,-0.9331825047664214,0.5441237695979652,-0.8517569360845451,-0.09610230981639183,0.7758610811524839,-0.21126202216024031,-0.5054647441642555,0.8087602438357877,-0.4115882672277695,-1.1910243331524906,1.0856976704336765,0.7189831845642697,-0.265907123037777,-2.3184199429953,-1.1878493217028894,-0.11123246959668653,2.082517017449572,0.589244175075771,-1.0224415758674488,0.5415850393837486,-0.25780709355672615,1.1484412237473354,-0.047233326427198935,0.26657138216854215,0.5888522330805555,-2.3523907301223153,-0.29168695915238146,0.8069977067471152,0.8027251543699759,-0.20347119719106485,0.17407554613196363,0.04248354083429119,1.0682319264893148,0.00815694758972691,0.3849771510626571,0.11097185051881027,0.19195331904907845,1.0230591463185876,0.5317475717076663,-0.2950020444054863,-0.21252495533289206,0.3101006952818653,0.2514537717179798,-0.4151921996712762,0.06895362454974036,-0.28525845969577657,0.8356317964700413,-0.10573700055284635,-1.1984179922231277,0.12906536237996855,0.523927301006326,-0.4404314537835333,-1.1708773355553925,-0.9106068035626974,-1.0585700883960258,-1.1228604966279363,-0.586139877276691,-0.666922889495828,0.8372971719095719,-0.2976281741265185,-0.0003546347489847321,0.950316631687693,-0.7708044061071915,0.4345374564156739,0.2811655091615664,1.0716281210397456,0.9446412866772389,1.703100418876778,-0.052134543831845945,0.625690918525544,-0.05434684799567664,-0.12360768616496796,1.132214968161826,-0.8103835112010781,-1.0552501552707967,-0.17132676620295825,-0.4494987956492109,0.1968336670479889,0.09617414295966217,0.3427983070578282,0.9734720828914858,1.5920955394311376,-1.5832302384115968,-1.4468354790539895,-1.6455877847564628,-0.5897700623819467,-0.43068157240679483,-0.44308575080323953,-1.7654250984289541,0.6682112698209249,-0.14788338646677804,0.23761994833121838,-2.5384335694931828,0.41263174563348387,-0.09598544086965566,1.1845464974584634,-0.7664878457801451,-1.4961143925880749,-0.8851740865935354,0.6018657715456288,-0.1324469180035402,-0.5481778807410783,-2.6670516777309694,0.9570503401795384,1.2549118266852135,1.2780680607549755,0.6977249663759197,2.7779443210697226,-1.192774518972227,1.5891736634821716,0.1856298303894684,1.1828156226379285,-2.640026854736954,1.2888405602072113,-2.0754952233703694,1.5661726740758555,-1.1998923924826284,-0.09850100559089466,-1.1313506256910426,0.7451592514230297,1.8862107706655566,1.568711677861017,-0.6920902472238329,0.944380027573419,-0.6067958198490672,-0.05689119388625048,0.17994785346620723,2.8147317684354003,1.1455976160242944,1.7368196799949267,-0.29837355250175596,0.7278240312872989,-0.13542726236021682,0.11179411249904112,0.20131249759398587,-0.2857504913584,0.6183886592692928,-0.17841316597695422,1.745953517262312,0.9334927171676478,-0.3495453351789984,0.45526223196757704,-0.03887283587431537,1.5309187483252507,2.0115174787223444,-2.0967324387647137,0.17559095226698768,-1.171566584632044,0.18793906495118606,2.748801872489154,0.4133713316063325,-0.5986091728512241,-0.62615856565923,1.174470487705214,-1.5355168910882366,0.5017339913168871,0.6407278568802026,1.8316420823670028,-1.119333998812422,-0.45379631672682563,0.8577191278672688,-0.9602279563698674,-0.6263027333910237,2.276081389155333,0.2999266343636841,-0.7607766379508313,0.5299973696470904,-0.8794716784978415,-0.6882503264198797,-0.5084154791760706,0.7112851897359553,0.7798842404474045,-0.31544827800717795,0.4927516432614619,-1.1874558707537224,-0.903504430936963,-1.5983823723126216,1.0017289816640385,-0.8943757836354715,-0.9909082283963452,-0.45903428699949955,-1.3913840058134983,1.187147977030762,-1.0145684895438158,0.7754609502817444,-0.4875412950374064,-1.5695465150600394,-0.2316459607455444,0.9719650500213662,-0.6163585591900208,-0.843910792442348,0.09844699073301824,0.73727682188434,0.33731186260099444,1.389347949005284,-1.5423956752323171,-0.12105226124350874,1.4176601882770896,0.19722945063972366,-0.08483920193279808,0.01934080917033541,-0.789383971954327,-0.41238815526298883,-0.29630519958772844,0.36300970036645225,-0.4735391256261054,0.5098319374082124,0.42986215160721364,0.29764778612547066,-0.04505184067233436,-0.4508454590324158,0.06615602095578194,1.1235206433073683,1.8786788142911475,-0.42641569554066605,-0.508047458195896,-1.5049194672085968,0.6162989985188488,-0.5925515402062057,0.20571982129286145,0.7233945169623908,-0.017522007393945924,-1.015559637010093,-0.7224809199327588,0.5975507698491094,0.060660838464728306,0.2928440197693807,0.507521700026004,-0.24881810559542905,-1.8500607926698238,-0.5897868741666316,-1.1859256828180909,-0.7443764773512573,-0.6015374581079299,-0.9045437228540821,-0.3653989130247168,-0.3428804297738904,-1.002371924747831,0.5305392886929675,-0.49137293216147593,1.0929049890922105,0.6547980185267639,-1.1562910726803144,1.099427567611815,0.9196409781980254,1.5986597334590886,-2.1674138893127917,0.058134224810831824,0.049417730559038545,0.8593237166516003,0.6748666094893786,-0.5348573776876616,-1.1775601638949733,-1.2628990446096995,0.05503620539820547,0.6576682550999596,1.5897628807982607,-1.9159675634091637,-0.16956331855285334,-0.22236578782931068,1.2264963870709658,0.13082833464871574,-1.1621731209248305,-0.032548726053356646,0.2151958431072147,0.15519814585824548,1.6368738815625756,-0.77958570611022,0.25368443518259826,1.149456797982529,0.24077385234834123,1.990714335804891,-0.7074705487307896,0.6145003885766434,-0.3539894440105427,1.523083972112007,1.6512891729607637,1.2841243668436864,0.3555514973407458,-1.4598311128175674,-0.6170079680075853,0.081433701290602,-0.1586609115292402,0.8943812760564379,0.6320067246817033,-0.484918263115884,1.8134588230306088,1.2560208977346727,0.2503176841684817,-0.6506415371338715,-0.9227771004196867,0.9198584381268644,-0.9441427837743704,1.1392653642825588,-1.2100091741573324,-0.8358900661942535,0.2724581773802847,0.13445018888853416,0.5349810119767294,-0.7705878531327774,-0.8745773684108977,-0.07444330705515843,0.9317015076958559,1.5112467782726042,-1.8928667015860048,0.0563916841389912,-0.7622760956968254,0.869239472741113,1.4515446224597897,-0.37813134864037695,-1.2018546326230473,-0.9217470528242925,0.9740639814859231,0.39910862203751174,0.5994728667788908,-1.421365497941743,0.5987048521621652,0.4767886405344508,-0.44766397210331116,0.4568543574230538,0.9241771823808679,0.5398056922451229,0.26938530426902185,1.2315356368494554,-1.575719366668707,-1.6760306317396672,0.03417527145293093,0.15845934185893198,0.1110828727858689,0.9481951385005208,0.24320571014772485,-0.4964427370695517,0.4324259106171123,-0.752434206475853,-1.1562258999632806,1.0194865817071317,-0.4170837109595904,-2.1245275434412596,1.223115177858062,-0.5248476020730108,-0.2731651895363823,-0.06479682304652831,-1.743071202465198,1.0134282640255476,1.0347192350116852,-0.5247979151230224,0.790370905936938,0.7917253694356873,0.009964484682615068,-0.3367998681156253,-0.21098939514983972,1.1894772882974578,-0.2859130954017299,0.02050731935520532,0.530976063649245,0.6407861397725443,-2.0849546650430346,1.2024352766272564,1.398225252230958,-1.1833988359366954,0.33347582372449536,-1.8550631218386262,-2.5406834849475772,-0.45180539595662206,-2.1289067066058998,0.6288416448295987,1.3288633519847257,-0.24182763969309926,0.04497373322147296,0.7376316540809191,0.4285082371256249,1.1155753250441012,-0.32917119976162534,-0.09994321506983343,2.9025644951250045,2.0212928244673547,1.2239061795595203,0.20622286616093075,-0.06578034421607824,-0.6282024798778392,1.17379949112423,-0.0984248995155083,1.5480678367126701,-0.8850749332752484,-0.5086502504843632,0.4117633878741765,-0.31412381870976547,0.7026071079535394,0.2394323514137074,0.011101221156986012,-1.9868007003073473,-0.602544390993669,-0.15630818279018716,-0.5316416924705535,-1.4522221735070826,-1.3619341483511385,-0.6923857138322598,0.5744022199870481,0.5244764554621802,-1.3937813504201764,1.1158240739360548,-0.25843518044976055,0.18658041908270073,0.5105989634920542,0.5097485457266894,-1.17760434243563,0.6655400865473863,-1.224348944587001,-0.7066518553459489,0.9299332771527604,2.05749417889479,0.9542080037814903,0.4481165284350758,0.7529121790616927,-0.22515832032852648,-1.0712609095969583,1.1075130661527346,-1.1715391876937693,0.15021246199740018,-1.2226590344617416,-2.01236838709716,0.8909742414810462,-1.1835407598443908,0.2679669810526152,0.22285177023167174,-0.17020396044222144,-0.4546982060264528,-0.5229873904622601,1.1279552095371441,0.16739228246686688,-0.8718835569405647,0.673158449487558,-1.6650221532527572,-0.15837642110918235,-2.3003958650033396,0.8496041733187581,0.5369043715514142,-0.6699085704142965,0.45969815812677256,-0.6578524778399151,-0.9750917988717511,0.9027557465876821,-0.3295518371458637,1.8583491035391169,-0.5932858573180618,-0.22971675988940388,1.0851008236993909,-0.48423298450145885,-0.17587859837781847,-0.10669358075865512,-0.6797775302673412,0.8548161428460263,0.24813523642580596,-0.7650215326183725,-0.11358010141533653,-0.20354820945825217,-0.14418836705292004,0.5559757902440398,-0.07211668313632572,0.32481533215456837,-0.27416652798369834,0.27986213083229955,0.2665459202433048,0.6173561618663143,0.073053384019623,0.3581320887269839,1.5627749008691048,0.5256861442428346,0.32905854650031474,-0.03037508056554933,-0.9763803909611406,0.5886789330952737,-1.1098034639124859,-1.625366374648107,1.0476294568312552,0.25188119873848464,1.2109301198788858,-0.7638088868388214,1.2724197568233762,-0.7100420743047705,-0.7783028090462495,0.14881871764178806,-0.43298842080861644,1.090012347288978,-0.41782496894036103,1.299075534180914,-1.9863300049029222,0.6549027052123051,0.1273277317995671,1.700589518541574,-0.5961365568852619,-1.6644426885220565,-1.98460792427479,-1.1108652329154978,-0.5505420920594293,0.7007988943932806,2.0988018567202835,-0.5534266295452023,0.4002719404247669,-1.477298130992341,-1.7095286205712603,0.9793953767099085,-1.056777715163679,-0.779657778690318,1.064408251822787,1.715571090968901,-1.9159027827934156,0.05405346358667926,0.9609328877235311,-0.5784662843102556,-0.8883821008425058,0.5994619220912375,0.7528682011576363,-0.8101301574379248,0.4736403215720185,-0.8543258337422732,0.6132676039409931,1.2552989171992788,-1.8039017908262274,-0.24648194468902504,-1.5775845716090187,-0.1925405934870538,-1.4783249925640245,0.1208312562897138,0.050978999994026705,-1.1907499663500234,-0.9998158979397161,3.2660444213306348,0.44365716716315035,0.49263681376942514,-0.2886086566574968,0.8203387404828227,-0.24491536679206902,-0.4409544412752734,2.6399896118255395,-1.201809778225098
0.7853072963355232,-0.24829759553643777,0.44968230289114824,-0.3920532836328313,0.8523581286988487,0.8765725119323541,0.9726341634503652,-0.08567106131166911,-0.9535880252366993,0.8877249055940943,0.3990988135497893,-0.07969614932654309,-0.007589457898925243,-1.72283291583988,1.6034302574624884,1.0823116936462907,-0.7156738603902535,0.8549597479430633,-1.084420709606358,0.2713515921588825,-0.025838654154537392,0.07783746442056402,-0.7960955772761605,-0.35354121906000047,1.18863383659735,0.5254167287463323,-0.207352284926537,0.43052219046436224,-1.0423954355674911,-0.11699882722691829,1.1030928611891855,-1.106729515907199,-0.35195470000490703,1.0317008325003603,1.1010662597744791,-0.20031034444836524,0.5378211280156852,-0.16661235140483122,-0.806393567604246,-0.7903099468504182,1.7000111452322022,2.062988288532773,-0.8614713245817305,1.438902605266545,1.004619025013835,-0.10011459801022006,1.6296557471294844,-1.2644678881059739,0.6989232689757121,-0.04972370789971699,0.39508037995966716,0.05475228583816547,0.19896657288551728,-0.10441200897620907,1.3398484124778163,-0.5217684408510395,-1.1528772313037434,0.394427445295226,0.9684890556226189,-0.5864824906197625,0.5048129723118878,-0.2590295976811118,-2.1140121617318655,-0.19998473497564676,-1.0052090420373592,0.7144815781749778,0.19583942439967295,0.6418363681261073,0.32613887691640203,0.9675519658561562,-1.6134414211501875,0.661662907648409,0.3873767661241422,-0.4094970551071946,0.09463953647512427,0.18819117337059504,-0.007313776794913987,1.0334836490344168,1.7713714484727874,1.485158533257699,-0.01826280243282372,1.5239698266603054,-0.9601415570190754,-0.5153563305735585,-0.3256564887584014,-0.4264033868581717,0.3236879199148235,-1.0532063686736404,0.14893910007367153,0.08838524663984139,0.9770010951602529,1.0759866806029341,-0.4200742141369415,-1.8862766317593995,0.01501970470878428,-0.16194127823829318,0.7518965587871105,-0.08622071544021505,-0.6992391594094693,-0.45835217481679247,-2.089204968869465,-0.5557608682466364,-0.16647215216619313,1.3363316491718003,-1.451167988411244,-0.7057472726832135,-0.5454552601620237,0.5503867119072584,0.10840365100827008,-2.0487249593260466,-0.33370416727823177,-0.18232467565402172,1.0001036681772582,0.7913325856449852,-1.3463536144037502,0.20367562171285403,0.5520258429814991,-0.9681846519226128,0.12820165259095476,0.1406664620921291,-0.4936210835063028,0.27441071933342426,1.310194097373381,0.8016853926072963,-1.1199747948807102,-0.04492516648514776,-0.3828595383074584,0.09030009269942861,0.09264439900312753,-2.6473432585765333,-1.6948144604681838,-0.8583042302638375,-0.6134216109771974,0.7615061528942433,0.794943717204292,-0.24375367413120538,-0.6619958160380263,0.7670526737343233,0.011476367628680845,1.0876130313502466,0.5885089901806106,-0.8058770337916312,-1.2511336408482614,-0.5540985478586401,-0.2608662540457464,0.5128886091488272,2.007767564564031,-0.20025721796338483,-0.5588494262376889,-0.036392320671141995,-0.1448495605193854,-1.6480550481181189,-0.6500703177887559,0.4235372734087507,0.39457172508262994,-0.34747294815853885,0.20343151500240178,-0.3381795216107245,0.6427320445894323,0.2848447803141339,0.09666985256183544,1.4497687549894005,0.2512088822719562,1.2932426624156572,0.34089353849679627,0.5169537347783736,0.3518326618999459,-0.05278623605228647,0.6866998133393837,0.7396939265652613,1.16989139722884,-0.11349925295720534,-0.5137533845879769,0.1664783891253053,-0.23913319871637806,-1.188763865070183,-0.5742044163856085,-1.7401842071488918,3.2566552498232904,0.09124739686656187,-0.7697005635485128,1.1557443806058232,1.763200897389977,0.35222614039730554,0.23716257352967127,-0.8668688249844617,0.3632262436220392,-0.5340283012660335,0.3836886376202897,0.8972735877552449,0.4682854428451162,-0.5912554705167401,-0.23272506799617185,0.7210031693944858,-1.4610625874478713,0.5457927758444502,1.4525078445180482,-1.2943758562324297,1.0441874769693424,0.9880574377035088,-0.23755412877559548,-0.3795763323176219,0.1270439545074286,0.4352108687891376,-2.034989129292205,-1.6926400396609205,-1.544855871985539,0.6788407950216828,1.6617350987834127,1.2964403612933542,0.633409474949452,0.1859807726233895,-1.0602427877630303,-1.9065600525228152,-1.254246835697439,0.0545677752993159,0.7692124857551303,-0.6826587367397352,-0.4262501460663457,-0.8900153847456148,0.0014802008980170087,-0.32818299870572754,-0.8068197758590879,-1.6645396319821373,1.5446543639468835,0.7281624989818654,-0.6051399385584267,0.15784713338662018,0.12850808968152486,0.8189101774647006,0.6740965360855194,1.0113812273911964,-0.31058829500311186,-0.9586070442899352,0.17731041735374453,-0.11249823576496448,-0.018174770394212184,0.226554968052747,0.16452305056743285,2.0431288937465304,-0.0008775592348484315,-0.7343726333621745,0.6431728833484647,1.5496227736887507,1.1570344528402936,-0.7374485191898034,0.8955486063142537,0.4288963739531849,3.2003239599095594,0.4516610768244399,0.4646874897042366,-0.26933915635099376,-0.404837738087089,-0.29981762298542464,-0.9966318050059106,-0.4332420085950483,-1.5350430257186982,0.26235273411923526,1.5682755691536392,0.6083860915427287,-0.5191759113522207,-0.6903581517198684,-0.10185225986633095,-0.150208906212664,-0.18050974444996604,0.7532732664562215,0.7666448462289948,0.4955493994814395,-0.1725967916167265,0.5545553709717588,-0.48583494148755013,0.0008788878416037369,0.27819040256510763,1.2097839053932682,-1.0087070632646054,-1.9779513223234821,0.46175648065028635,0.6045406616645448,-0.0917202113021458,0.43736118024693554,1.1695588313422234,-1.9626513408544983,-0.6956744444660494,1.3838847184976228,0.7706744067132388,1.0658005752060349,1.693764349435928,0.8720349033421096,-1.0968818893190293,-0.07461616527263099,0.5214203855939481,0.7921673991259978,0.8443353649237821,1.2103194671775952,-2.008094857616269,-2.2698428398808805,0.6918892164051135,0.7006404798212726,0.7303475974286944,0.7750485466676341,1.4312840360986476,-1.4523167355122462,2.327053889141408,0.9213942364220923,0.9446244686792271,-1.2331559712096434,-0.8138973055136204,-0.8329111627873141,0.8276776421516163,-1.3048206012447041,-0.38238179849321813,0.7608958007928112,0.7065914245299695,1.177284806765356,-2.012020002780124,-0.7428044489509555,-0.4386634664816285,2.0395929264591377,1.2191337903255037,0.4483827997595391,2.019216944768092,-0.9045716697541111,0.12109949933383697,0.3412002377796817,0.10021948949577897,0.523123339797284,1.1490004975323642,-0.4418669703837654,-0.7980009882637437,-1.2799773343259684,-0.43825121410012385,-0.842237288796534,-0.16947289334698115,-0.3722547379304578,1.7892073656321479,1.5930394417160294,-1.078780406110147,0.2578444058485579,1.3918526660502635,0.684757657844542,0.18786096111201372,0.8276554230663524,0.16353200224251144,1.712498276487963,0.6763084142504588,1.1226138200273572,-0.13001281621327346,-2.1751933307913824,0.9501569885167968,-1.5508764940502962,-2.0629815547552246,1.3567755809259971,0.603903643941793,0.46483386308875113,-0.3266946552200021,1.3363671389891651,1.2680643244765286,0.6411541336872082,-0.5935077734449803,1.354288164692887,0.1156166860978484,0.33992978678832386,1.7657880564073154,0.06672685054632393,-0.9084667590901138,0.19963378496970638,-0.45292458647769673,1.5243973496233671,0.6705007625057378,0.5107288374652348,1.2876615088758907,-0.10866784306702049,-0.6729464296742041,-0.837572820052577,1.4530361657384243,-0.3445825662514447,1.076305242249502,0.8022974139833915,-1.5759627361769846,1.1969811460735842,-0.23861529781654353,0.7285036915512185,-0.44868916421664073,-0.47511991178718693,-0.02741976703268215,-0.21820139494998314,0.17689047414255285,0.47660654035782735,0.4641562957579827,0.24740000444372978,-0.6534419361637388,0.5871928869770889,-0.23742296456841677,0.1739906559939461,0.34309136307690047,-0.23171914372269203,0.04492367805122259,0.22902792820093174,-0.6349822307781188,0.029498296342095935,0.9852782100257821,-0.6305478479705191,1.4150334561035993,1.2292345155054438,-0.3170326442062192,0.029874967624741268,1.145415999602562,1.1543715228932767,-1.4095031823261726,0.34128892287392604,-1.0051541543734488,-1.2494684196590948,-0.5890617229095163,-1.6897457872347794,0.6882966390314612,1.002687418106846,-0.7059018816576135,0.2634486808124195,0.3466659420047415,0.6582394490200182,-0.5652059877075218,1.4854068078686324,0.5715546952910602,-0.09195489598888644,0.5748333167558619,-0.3540868636339153,2.681545946974089,-0.8977406730465212,-0.7559488777207659,0.29034697951988986,-0.3679146553083577,0.006560295470945281,-1.3713804008160775,-0.9190076393949048,-0.7042875392353861,-1.4499838697766663,0.6533365424443862,-0.9583112624221475,2.761902554443148,-1.509811628007417,1.0486948206865,0.21216745746278495,-0.015389967699668355,-0.5285546406816668,-0.6938584473798906,1.9965656154511466,0.1529639462156913,0.9624355044307041,-0.9177116242211284,1.283103753608235,-0.495520252842139,-1.0506892513479802,1.5613012984901093,1.6774917958524174,0.4991395766942557,0.08969915729577162,1.60283823008064,-0.9249691847623481,-1.0733887876786494,0.6014985837929152,0.07951855613351684,0.022363077301589603,0.7080558188101137,0.8576500963100019,-0.1892373042869888,0.48242086928897365,-0.3677507217794272,-1.5601742521373327,-0.43613699878026774,-0.012580205915819603,1.290439370356456,-0.2372782626628792,-0.1748146271183196,-1.2816872435813156,1.1280372119812032,1.4009576759043232,0.04015744291414613,-0.7719046309711992,1.0440375742234258,0.22593945197179485,0.8322840268827304,-1.0644176376337764,0.7543246114446578,-0.2752965536309702,0.10502143286399032,0.18479832527876128,-0.45100403730302163,0.09080321263863068,-1.3064489557654904,0.5008874839723307,0.3685849536862144,0.27521936352252147,-1.534889468805812,1.1587776444390632,-0.6493213484963873,-0.8657663911333805,0.7525860628263384,1.3067490761904397,0.8388647708501125,-0.7253763218257416,-0.10615324767998277,1.0398702934369872,-0.10345349391583995,1.366756849640356,-1.098511772054492,-1.7896480765116283,0.5042582277711817,0.5781953812806949,-0.7831877032437999,-0.5142490592020434,0.7575083826429672,1.8847646992443114,0.5212429530355897,-1.0525115938070584,0.2120423015243714,-0.41706114714554576,-1.1786612811096975,-0.18881802003912368,-0.4254929181780931,1.9938022814418004,1.230700012008059,0.6862818909711206,0.4836783071461046,0.7989325319922901,0.7720276190145152,0.8145488726400827,0.37048856325872453,0.76198285440177,-0.0846811882798042,-1.1323292494215071,-2.2686698464107957,2.869036790731428,0.32659942175563944,0.989784394776888,0.6587458673738401,1.0860815330874256,0.37989308657274506,-0.961498941388892,-0.8307029725716308,-0.8718826118916445,-0.08059125559681742,-0.779708930642931,-0.5876432574433509,-0.14760993990771287,-1.0975088113002647,0.045229170417739176,0.38581668649178225,-0.22151085606999854,-0.02924300639663913,-1.7369717211666207,-0.03419368585210067,-1.5508141715637416,0.40931219670815505,-0.9175117719314668,1.2822370447624534,0.2937690809188892,0.902165864371812,1.304185450821273,0.0244209661734187,0.8290229427724715,-0.4043317262874958,-0.9740328637068798,-0.056854458560285724,-0.0828820045383095,0.6238807869076854,-0.24269026433988375,0.3895661664530329,1.5062360709790876,0.4077041076001348,1.6337915139436614,-0.7403667180179336,0.8356418939311023,0.5221937049284806,2.922712568983997,2.1645495716497685,-0.32591297988398255,0.04529464438137302,1.4507295234240254,-0.2895748353259694,2.5496389193697206,0.0710351355023134,0.7302885871860767,-0.29163406531719444,1.6204400493844013,0.3903397788330733,0.7647372008666099,0.4189317821889044,1.1110263848700515,0.6123309488972116,-1.618824182580927,-0.16566769567922274,0.07358994915922393,1.3691326266664166,-0.6061213724707455,-2.723343100950852,-0.753133227935782,-2.3703693131611328,1.4221100022069233,-1.473926587729325,0.816205333276111,-1.149895206666429,0.05878951243298237,0.9746987664690457,1.1195519976254054,-0.3826333006672247,1.1178554616464085,0.10278428889260538,1.0923349529422501,0.6982441349684131,0.05605832955088678,-2.054414078117751,-1.675752490799554,1.9807469432012668,-0.5642242260792936,1.6905980730676307,0.8717567050721828,-1.1881275297796925,1.4910114439043438,0.6282838119763129,-1.6502504241900715,-0.3760159592010408,2.0019770606984886,-0.9413661105446461,-0.4096487460777572,2.7147499404356514,-0.7087361781023351,1.0355972303385375,-1.0364628093868486,0.5355902618027351,0.055470607652023426,-1.0404309119756856,-0.80629916270563,-1.4939199183223855,-0.3716599216470993,0.639634655459204,-0.11795250151209503,0.1491305880823946,1.5780734807244081,-0.9607980192128581,-1.7723644711051263,-1.1647333298250075,-0.15439832075053672,0.6693480617318481,0.6269980086840026,0.03421512979788949,-0.9673079841124833,-0.12461032791312014,1.5761645174577665,1.529949321959536,-0.6958348179974955,-0.11463532061712456,2.095050065643336,-2.168938296568133,1.0467096222720869,-2.077230749230541,-0.853136586694168,-0.9584633406238834,1.18790209100678,1.6655895566443881,-0.8657441877141038,0.35727631872464033,0.19936576074701465,0.5023755104738074,-0.36372158821252437,0.5476356911503695,-1.1439494153301493,1.0631511359330599,-1.238324119622968,0.04338011954193158,-1.0390034252893672,0.5257917449554138,0.7710084681008711,-0.10147189563783711,0.22998637729481947,-0.44252469051688037,-0.9479840814340086,0.48152658992984815,-2.0512244805575963,-0.16702455751369702,0.3884142498945617,-2.031759316893529,-0.3673945554902145,-1.1716527709059639,-0.9997509214903311,0.15291550305584592,0.7282317757615504,-1.1107049864024274,-0.6788943246516179,-0.5660399198691655,-0.9281389819715365,1.297582930538135,1.2096156651185384,0.2985952506420602,-1.0070976092068356,-0.5013285515238153,0.6192101368172869,0.02360384940519044,2.939300950752742,-1.8522325943535143,1.6609474629167427,1.3032543603305913,-0.4348713434630798,0.7159891180360315,1.556206403150111,0.28399182828372477,0.03212081827376092,0.9030571665787978,-0.712446809027797,0.5195514288185,-1.2602652067194264,-1.1594305812514616,-0.30802775544392935,-0.08167700421622975,-0.23929339074647152,-0.28269934052539575,-0.36127134598714833,-0.6013231052229686,0.6516112610851489,-0.5224137052054934,-1.1869181060493044,-0.3680203565534729,0.39867421180790125,0.5022638813190332,-0.8487193728898794,-0.6836884827949934,1.3283100942882178,-0.05820392223786264,-0.19090604193511684,0.5742205965245226,-1.5375619779054384,-1.3895994304831918,0.21640132015967464,1.6170878180104695,-0.17878585575636025,0.5451747786843616,0.049224026412944606,0.5608450252088477,1.4085363962840978,-1.294615598713446,-1.5564317522533528,1.437784564631698,-0.7879786101940004,-1.1899094978023803,1.0588500332865225,-1.2116896106495036,0.7583605881765705,-1.4872142567942177,1.8468620467772008,-0.48394476120627966,0.5164802470607213,1.6003256907942318,0.7255271645244642,-0.3765150615184249,0.4653860447328919,-0.014704864346305533,1.1010073653693597,0.1972131387611028,-0.40804400710752103,-0.7026532168425157,-0.4938187317052688,0.24376635336666932,-0.13648301943004218,-2.52179271868967,-1.1526099585857794,1.4413583818874867,-0.9869774984989855,0.18514736773962015,1.3128596173672569,1.2520898288705407,0.5827790744895861,-0.7084402084777713,-0.11007538051313188,1.0261788608919558,0.04848358953192476,0.0333758892053443,0.74593823523201,-0.3888042938673885,0.7875713334633918,0.7377907468595755,-0.3610211722767133,1.0901080162462808,0.5735959601685237,-0.8624959421147811,0.7443080302030786,0.05162197007289862,-1.9584775816500835,-0.3958592625003429,-1.147481416304235,0.3722775971278756,0.6856434233578175,0.2485243034072888,-1.1600557944159218,-0.7873903035001049,-0.6458775937431194,-1.1856722144192842,-1.0506644948038553,-1.1803017920955532,-1.0074292559774947,2.084309151002416,2.3027954697243085,0.8439994816352362,0.05652084454932849,0.6611143818792532,-0.2620022464176275,1.52537425721045,-0.7515872209323821,-1.370680877433685,-0.06069387899054779,-1.7954750229666094,0.5895550214691808,-1.4356011697453297,-0.3728785957621486,2.220581000787791,0.4003872160545766,-0.679004104032819,-0.5329014759389162,0.041146865990440845,0.10541972431110462,-1.1822239246094215,1.5496423693849455,-0.6656044464488111,-0.053603097668139955,1.3750671732125301,-1.3445469202401001,0.2051296996437077,1.9611471229232895,-1.116920066295584,-0.47561209867675525,-0.45782574943640514,1.110246538391013,0.2233327512769319,-1.3199395347270113,1.4490307195532273,0.622999779235998,0.5764803596024344,1.1215407673477125,-0.8176242965783478,0.30722533654400863,0.5589029374292853,-0.9118607069614703,-0.8446200658459045,-1.21124558923787,-0.6163776716065025,-2.1889910420473635,-0.40160861751972365,0.4558050336202143,-1.8586460618561758,0.5572806685450453,-0.4605362890586335,-2.280669104400017,-0.2965376169236076,0.5659036669795694,-0.5681670418757097,-0.4965937204841479,-0.987579674126078,-0.30172800432855446,-0.5036957373437276,-1.6309786930913575,1.082463967586711,-0.5219715210854438,-0.019269606716714377,-1.276055739173988,0.27396176709568265,-0.4981960670418932,0.5612334484820497,-1.093537158981828,-1.7169782580854833,0.7955376621840998,-0.6957798645076174,0.4619713822292631,0.6134529617234139,-1.2132589559981168,-0.768934388289638,-0.41881336147460496,0.20006584942152275,0.7052705460710614,-0.6510952952481364,1.1150290005169692,0.04857473202569055,0.06994448880661479,0.3958754981206222,-0.6804697954166672,0.25118887216806013,-0.44638472667650436,0.9169493376001886,-1.5768703909053123,0.6152871348911999,0.4706901609158823,0.3667588729036275,-0.8446118857671508,2.137524252238406,-0.2624991712737675,-1.49959317736361,0.7828007543587748,1.2813817994394625,-0.6071624775056217,-1.042740164358877,-0.30136351717696347,0.7386079447802293,-1.0628411838762526,0.11831670904202254,0.8816515082130469,0.36454862173695846,-0.1766254872609484,-0.15330306805412677,-0.10117759523085124,-0.08799438833217284,1.0706057670188804,-2.045266347535379,0.6086852706363807,0.09586829553413137,1.0312481514450147,0.5478420888311035,-0.9147206246674133,-0.4268441266165926,-1.040648310321144,-1.1254185149167684,-2.233257054769181,1.849098369733433,1.5996966049800323,0.6406831903267245,-0.9039747067531639,0.4723565806272881,-2.0612214992248714,-0.5547890106645013,-0.47202303139537083,-1.9581756009972568,1.4123643010374707,0.335081001724348,-0.4141067898329724,-1.1829452148956878,-1.1446493591277336,0.25386681382616927,0.9521663884570379,-0.8392906773014722,-0.19944081813042372,-1.025551797391247,0.16024162265671893,-0.8157459755835873,-0.6445400103633306,-0.20121167659780242,0.39955133011167304,0.7997103414931763,0.8617688401275021,-0.8048186460323086,0.33988691428594797,-0.7150736916496976,0.6807125565264003,-1.2476225989416456,-0.25126062825853246,-0.02529269606250989,0.11999645989150078,-1.9195615215037105,-1.2304035235275652,-0.6331987348978337,0.10614721675131307,-1.2955178618958962,-0.4878880482274952,0.2874790745379651,-0.49952749003239627,-0.04218274041211386,0.2519338086932902,0.7319023542307935,0.2656140828924403,0.8786717091000262,-1.3427676418958914,-0.0066567268754408005,-1.1701390683370927,-0.5455415865207637,-1.3470423023093512,-0.9795054765363672,-1.1155812741768425,-0.8347567153318919,-1.3448527139717668,-0.7718707223497443,0.2282045003220842,0.6175006885259302,-1.751193068216466,0.4943979533497189,1.1559803046284982,1.496048347003561,-1.9736904265286794,0.9760786331259609,0.5283051543827977,-0.6568398728911041,-1.297454088314182,-1.140762103330319,0.661103420347159,1.5022204919493882,2.1036990286629735,-1.0060565944978883,1.6629901226023767,0.6021104216827387,2.256084783314859,0.48453965523137854,1.2603815613166183,0.1660271083501166,-0.9369085459256817,2.5554118657287126,1.8601238949045171
-0.027947203936578482,1.4831850758001583,1.6312641324989026,-1.909032227886989,-0.2329213199739486,-0.2473797020827377,-0.6302407545024098,1.7002981965046677,-0.20753738904991095,-0.3572771370949209,-1.3056976700835392,-2.426779513484639,0.19986547378129046,-2.6820356566520984,-0.006990946564068952,0.27385482508862136,-0.4271585565637357,-0.7429036733066183,1.27601363593286,0.18479936107215916,0.8047666031509847,-0.15456732476740384,-0.17514964667146518,-0.2814111717550444,0.4300749044618775,-1.521560201184717,0.9808573823903135,0.15490480855923552,-0.7538152415768967,-0.1463344575810621,-0.21657368138124655,-0.9166871777359931,-0.38914192729604313,-0.5814794766576995,0.8471024043351345,1.3577354417055478,-0.7575079714802243,0.49366308854097224,-2.3646424934914614,-0.46412993280257675,0.8340719691462871,1.2118034400235815,0.28842084933914275,0.9210710300359448,1.1718762466774908,0.3408001187775728,0.13401604258983918,-0.5595290360120005,0.8454901283030073,-0.14326828724699955,-0.5942086085020689,-2.3398419752445982,1.3430583286218907,1.0359749833009182,0.0401229956582419,-1.8388950267225697,-0.34749410063277975,-0.6351291680421159,-0.6721302143752722,-0.27410598646076634,0.7981799978671511,-0.8207723579707836,-1.1333304996065565,-0.14637229525020445,0.4423916174905307,1.8828458495188658,0.04709514663318964,0.6175905533880338,-0.6177912125955533,2.5233680631618594,-1.3762537387013483,-0.3441231423281665,1.153093361907838,-0.4215073563919168,-0.34818379303617014,-0.2375534470742558,0.19753009393687657,1.1354083413675773,0.9301440377189542,-0.0978732753351124,1.4992476833416049,-0.9374017439266658,-0.06351613859791556,1.6348065340299498,-0.6270244613465623,1.4143634520080075,0.5511469147467006,0.024242756734543094,2.229664533244974,0.43100067909997747,1.0896888414915387,-1.0366088040225945,-0.8884518069522779,-1.6958314969102795,-0.37006670582248513,-0.31331654583847973,-0.17869209977277956,-0.7091252410397996,-0.8530177208253171,-0.08367205000971967,-0.18578446259883627,-0.15801230529852536,-1.3726985410298673,-0.07770934671480388,-0.8540503733698714,0.34500068244715515,-0.9229234507408017,-0.38323958979769357,0.3290410597532522,1.1472473021107426,-0.06985881986803688,-0.9642723708135643,0.5911161470468652,0.16404168329875685,-1.289538008894923,0.07788801469291519,0.10289705350780211,0.025043549893479802,0.07774792979050825,0.4375623418137288,-0.30299986229325887,-0.9209726521981543,0.17601906723607022,0.7187621520547434,-0.8050703815442682,-0.4446941297193965,-1.129186622513693,-0.012356242625355507,-0.3628034363272687,-0.8677968244890822,0.9424325427651985,-0.4445271579732123,-0.35608905756807385,-0.17908301110248348,0.1514484515465312,-1.3022574590204383,-0.9035734790718507,-0.24456686147013504,1.2670221675046218,0.5858018830723961,0.2647627663221181,0.2542579657883367,0.7645080024306652,1.195443359558972,-1.0112819364592929,0.6336671435552054,1.4574327922250587,0.25731904017842955,-1.184536453813963,0.6841035437351941,-1.0234430472141902,-0.08697804681275932,0.9916828760763142,1.7250681045074912,-0.041098002550560335,-0.8332402294182036,0.10459085071928188,0.1643355547207001,0.4896439243432993,0.5347086831351463,-0.5217579322255194,2.0575232908507717,1.0599352207128494,-0.6672006511548555,-0.8518478616899533,1.5451449181045165,-0.6273079662453049,0.8517102110398043,0.5445798790530539,1.1417609519289669,0.20947352282461149,-1.2714787219807098,-0.9456998060670165,2.186145286885971,-0.4177569022239167,0.32549678153470357,-0.4132383189282771,-1.1635778199006979,0.5585585538086788,-2.1026025369604278,-1.6534577892671063,-1.5526389160378062,1.4662808252264092,-1.2532649187751808,0.8284779239703225,-1.5126869664940679,0.7446740731174245,-1.1501215005619942,0.0362597513408906,0.09856088823205736,-0.8828042195332844,-1.6008623347523494,0.4333497860669809,-2.1157160854025308,-0.2554464692548081,0.43544626524752333,2.1784497190713865,0.9227093946495509,0.5041178699397729,0.3668662170349508,0.3884498646642495,-0.49883346584555555,-1.3217152288203893,2.2291377595210724,-0.6443455616280612,-1.057378550025505,-0.5912400593059426,0.08274111227382189,0.5923290569420601,-0.48167376967955977,-0.18384764305514256,1.1092614637867808,-0.15265046914743355,-0.4464266473713603,-1.7915265046147038,-1.977948675125819,1.2769833547551268,0.42320776745948646,0.03389852075368619,-0.7274629903449729,-1.9671398397349098,0.17316223128573124,-0.6866070213699651,-2.2296343640089153,-0.07997841225676314,-0.31816749274379924,-1.1462573189625092,1.9683421988672545,0.3656458770025943,0.44346352299954667,0.39114143949099495,-0.9432323290989307,0.2247531998375927,0.2004994584340882,-0.20433710209702474,0.034229589586004826,0.3082347886099521,0.4542032135709055,-0.5603206307820481,1.0960552971291968,0.8702334305394925,0.17635524790860704,-1.165093309412921,1.0006326526684104,1.2990261518760027,-0.6564455393685138,-0.6795188611605346,-0.5959894342505417,-0.4530346613573361,0.36665366974365515,-0.9195490725519514,0.3060597220063904,-1.4684309360706187,-1.752493055266167,-1.022633119919711,0.30842716629124217,-0.4241714436884865,0.44477182273585364,0.01873708474582551,0.7788326766187333,0.7178394151154892,-1.5183862883159753,1.1008581216817197,0.12782072707389727,-0.8837307357479519,-0.5771212941658797,0.8056046362800245,-0.38727341922852904,-1.2508827288144073,0.9243580701443134,0.41278975324114514,-0.8055646105622593,1.586203747172271,-0.9226944375053455,0.3345669537481698,-0.12589195614398266,-0.7778067908484902,0.565798752251978,-1.0005641823619231,3.576451994342898,1.3934323504383908,-1.4726278691615655,0.6371610478123296,-0.16083813371437575,-1.0154535674209868,-1.186064472879093,0.7516527844962694,1.4362645586681355,-0.14949912398024168,0.47434280779570925,2.274755185356904,-0.2575877945351628,1.0129112963451012,-0.9513044371310414,-1.773824135344613,-1.4745373816717415,1.6940165273450019,1.7556535882148243,0.16490231647023293,-0.039350992231022015,0.6178485297088783,-0.27305965317050374,1.4075823554615665,-0.14568930097190483,-0.17536756805805218,-0.850654520582445,-0.6414025604392671,0.09752276233150314,-1.7688424370198135,-2.17212034146161,-1.0082379436310742,0.7100249618754159,-0.717682618430277,1.2843300223654464,1.0141987901727356,0.4077618779924024,-0.5833081464424477,1.0563522839851216,-0.042830394614385134,0.5925462930570751,-0.25445723195957476,-0.3632697094017788,-0.6560663151305856,-0.18385454139683555,0.31964878832148635,-0.1867431515049658,0.5628328557877598,0.0964338079618088,-1.766867645540251,-0.2028743415606248,0.6641841927869846,-0.7178291711288647,0.6780129084897822,-1.418155566002847,0.2604063780705829,0.0066316148607628665,0.7398266444501894,-0.449255755788787,1.1494651446420867,0.07961295465109591,1.1483524861107535,-0.2935734841067255,1.1098050637669628,-0.02497606264766238,0.3783211485539801,1.4938949057982787,-1.906528638619452,0.051744516750515855,1.361847652183388,0.6540359285369861,-1.9498700065027312,1.8699391298066323,0.8984250908594218,0.5936077942198723,-0.45399833932200173,-0.4146885591222637,-1.096231166169306,-1.1249071741473495,1.005546547076224,-0.500983881911905,-0.22962493039328277,-0.016236088679524287,0.2791368086957052,-0.46614136539307394,-0.5697457466627167,1.6228416175701885,0.3715927578370287,0.6175123128583714,0.7187263045507367,-2.5136907261261294,0.6543551430732044,1.2788391533893266,0.5881552948719392,-1.0180497690159183,0.9413630223564969,0.09001028089397613,0.010871149055660577,0.9227399360850533,-0.41743916312511803,-0.7704328708889773,0.9666777555531302,0.3358574569178292,-0.36501523722253965,0.09314837225066729,0.8823993485221161,-0.47113804758262406,-0.08800190842447417,-0.19023370944282583,0.3326664617948658,0.9438314894924182,-0.5897815990157795,0.13393670113322043,0.20799859599454243,-1.3280567535632144,0.27419821057184385,1.2752054925079916,-0.6598335648734592,-1.4369941564152506,-0.4206313484838848,-0.01968921460471303,-0.4254465757540767,0.6548599375172833,0.12978613672384376,1.5036861632417682,0.0016642263151316538,-1.1261705776862763,0.8905074351043464,0.41796925511750355,-0.2967862444081609,-0.07586955926363557,0.24732491921542585,1.0133616098064653,0.467768864114576,0.09462631473647712,-0.231231077533956,-0.8585872520325025,-1.0926216151755266,-1.00795279650615,0.6695592779417893,0.7933259728625476,-0.0953781007527565,-0.12875623973045222,-0.28825818771004663,0.9190853699719204,0.9637469544370348,-2.3562793792275905,2.914549245344586,-1.8182527698590345,-0.6486511977068957,-1.2879213881921001,-0.12688108020492203,1.1590574554690356,-0.6918995083239666,1.133700872255656,-0.6724175366868566,-0.8655432020024414,-1.662182467854115,-0.09654841281234686,2.23740745844808,0.28230632729818406,-0.4951018934317867,0.4706651470880136,0.30359698190376905,-0.08689744584846384,-1.3853038476969732,1.858436912013881,0.2974340946637385,0.10433408167505094,1.1422813293954504,0.49875305917414764,-0.24186530888566546,-0.6924765449632223,0.2821141463978081,0.3545906798432832,1.2514930598950664,-0.383590871703884,1.7271686933507666,-1.60540984970901,-1.1861227802294791,0.43972741536152044,0.24796278625182394,-0.5226035539961681,1.7899936515954238,0.8385070202903419,0.1587182052792569,0.5191400373703616,1.6050793742780056,-0.036558345538686095,-0.8130002508047687,-1.1071214000105067,-0.8717246330431451,-0.1426505448181638,-0.41040809457016275,0.6082344725778577,0.1277199414854024,-1.3181637343238655,0.4540340491108117,-0.7024339242971178,-0.48030102606644764,-1.1053626419653084,-0.4459333706278427,-0.018244618303294335,0.8953668023576763,-0.4492563421862072,-1.0563503501508127,-1.915596656643216,-0.9723358765510173,0.8569674528642864,-0.6402602778202829,-1.4072080018289355,-0.24126895794739356,-0.5161378281935654,0.05263194386965202,0.3236751215754724,0.7159903409007982,-0.40194155507740786,0.39875304140280526,2.7445751310567275,-0.3473555837269534,0.11199137223570627,-1.354204136448879,0.19713955720155507,0.9804938857439413,-1.166251272525125,-0.451464080701575,1.0338116912153144,-0.047552308696579365,0.8526719552786992,1.7768037885431607,1.793750410710984,0.7849969115182057,-0.6536294691868146,-1.1596386846701192,-1.6232873705953308,-0.0552927157309161,-0.20889776943969057,0.061528584211030704,-0.6060520042949358,-0.863165262150355,1.5885316439214887,-0.0939238458983994,-0.5732478109859317,0.023353906882129922,0.24949268958919726,-1.093680420842717,-0.7042180535019862,0.7004394125586987,1.185359713389349,-1.1832842522750946,-1.138612563682753,-0.2895243749734186,0.38417877659362004,0.023188550883755016,0.49933867449014635,1.3382808547593648,1.7532392663054843,0.6416785597434412,-2.416422693719492,-0.13154923670688698,-1.1140075580702644,0.5759922555042355,0.7640343505703079,-0.8049245898122342,2.5254619774685008,0.6492512013413763,-1.1804553045375614,-0.030810459501975262,-0.2215438643440894,-1.233012564681724,-0.23575375640023896,-1.0042636925684059,0.6570402292843107,0.7114272872097658,0.7482423707465367,0.3644866880185096,-2.3441631314811326,-0.534174747046498,1.059541037968541,0.3956197483057641,-1.1657629698924246,-0.04887514503737243,-2.210870257221853,0.8832208316169686,1.0792601913181643,0.6268456108412256,-1.6613807614574232,-1.7341859043212817,0.27031640176275434,0.7193866140000632,0.8734974041182465,0.2388739051509617,0.6488751032255293,1.3396864059650069,-0.05942738502096813,1.3024314131564116,0.7597945212612278,-0.80337238098323,0.16950922438988195,-0.8418202643010791,1.0945544216234437,0.7379924685606342,1.466697200352674,-1.088543580899591,2.636004946509414,-0.26611471058224584,0.4959774355097797,0.46230430752684304,-0.19967519584343907,-0.20476015666531752,-0.23245585487709342,0.6471140191353408,2.953250033631797,1.3202582708515773,-0.5659322010491026,-2.1969595703042697,1.7883086894071298,0.6212297578694449,0.3185049204511453,-0.3612226926907592,1.0965143018342742,-0.13390770792886553,-0.9808449438296897,1.627866395603222,1.8352642003561412,-0.1824763160818241,-0.24251337589515126,-1.6459015921124713,-0.19783544366388045,1.6299461694850363,-0.0734638430687132,-1.7922686507416565,-1.4283584626420645,1.7102597307784886,-1.456397579086772,1.4872256271256064,-0.6320003255404759,-1.2695328352445476,1.596699460403802,0.1810419387590811,0.18901799945147557,-0.6226143706494869,0.9798722474299226,-1.1920965610451306,1.4810950464236867,1.1068229928497166,1.0424839185164974,-0.2929668077726028,-0.7607263455462205,-1.7040518047874433,-1.073560083621321,-0.10889354968832293,-0.8763155388307202,-1.0444392088145587,-0.5662201770909407,1.5946383424800414,0.1544171591352209,0.9876079973494638,-0.10110852722214857,0.8630379534621432,-1.7682846284686307,-0.08005666522749445,-0.19730807553904198,-1.0405980351554602,0.06995798222340441,-0.15187497644403683,0.41714609140014547,1.14579945389005,-1.1631787413729642,-0.391819762039697,0.1823783287556318,0.17608431611884964,2.8145936612904743,-1.9833979633746088,0.9091822121863873,-0.6163195632646755,-0.9389424987959,-0.2819355442897553,0.28018518814031607,1.3998733716607037,-2.759150580308724,-0.8061464783650372,2.3639591190566636,0.6825484357377751,0.8195596584377504,-0.2691352691232857,-0.40514871807849523,1.7203916173840916,-0.3867440807356877,-0.5822635585641529,0.5993252357931875,3.1138663001374502,-0.015678417988853506,0.2730352304430067,-0.12323057699886576,-0.3336008800373118,-0.7635486497573298,2.121988146145226,-1.8223570048389417,0.2570714011900484,0.8163723651417719,1.435982576964482,-0.4621612897369272,-1.0475531028691927,-0.512323961161034,1.2952249268220333,-1.531664610045232,-0.4470973766128644,0.7566012454709832,-0.9729819692040448,0.010682609157246748,0.3682816688461997,0.27948346069514235,-1.3712916578598195,0.9044964783907713,-0.013026670129650562,0.7949316660777592,0.029064124047271527,0.5161474825822969,-0.16441546619848163,0.5376711344979566,2.279695250197258,-0.8221208173723579,0.6715848085045136,0.4185481359606999,-0.18255944858794806,1.84215574178276,-0.11318841433196015,-0.33110955963712896,0.4038019961678569,0.22945012420543753,0.43866308519441227,0.943859145181273,0.8184282328675156,-0.15509618716584805,-0.19000801545407717,-0.25011828575461553,-0.06733864141553286,1.3914982280597061,-0.11973437180810542,-0.8612181819729626,-0.516834661689161,0.7680005180652093,-0.9199222532472702,-0.8083844216511455,0.9479793147034116,-0.03398987369270805,0.8948685231495114,-0.760706877735882,1.199280366615831,-1.7080587223208126,1.2911307256150097,1.2627325009988362,1.3182422345190044,-0.5522234200625121,-0.28109897469384676,0.06498391129004087,0.1050916749617651,0.9452676967741578,-0.46446878136857644,-0.2583794545509711,0.3619973311222298,0.433259057479185,0.2098616799094889,-0.2533300862321455,0.12184145470791817,0.40240655441084494,-1.2707759226919884,0.302166468431403,0.6470372241422966,1.415162660666808,1.6905710175344006,2.3579018838357406,-0.07940845334574287,1.185391112370882,0.3776148486596429,-0.28683430764010903,-0.46243375837676015,0.5030143977477832,0.7153246902551488,-0.02068013565865638,1.3744912653377288,1.406442804725283,-1.8105711640761026,-2.3331178993103747,-1.0208102549300186,-0.22152645256592948,0.2956316467811245,1.3429635870894836,-0.15420705115640462,0.5374113710297833,-1.139165683689668,0.10070951839560349,2.264370305018555,0.5341675437951602,0.38224443305063366,0.12158883919968133,-0.05329008524581344,0.8779828634680225,-1.795860347722345,0.29080347883831814,1.2968800296385619,1.2840859665398876,0.1989983921434405,1.2256685601794581,-0.13106386361285638,-1.3932734725903297,0.3213198359021721,-0.08450433405528314,-0.9222069218633874,-0.6289930579033813,-0.4723331556681514,-0.13664216796158546,0.5309768553763351,1.69568841423668,1.3509870559817316,-0.4650474869531582,1.7855806794964308,1.9064526858114184,-0.25622148238176434,1.3786145964554386,0.506902255852248,-0.6159383639097153,1.4740107921310157,0.023246988488077745,0.5570614972433493,-1.4559166278627724,1.022957164971455,1.751737908615574,-1.3127236494991525,-0.7157077081170512,-0.8397530310991697,0.1837414026735574,1.1041259883526586,-0.31660688932820585,0.0964154967099126,-1.0171245872719628,1.6178061488556363,-1.2364231246350366,0.4427988442281477,1.2240210321404184,0.2343599784492703,0.027243162464953792,0.14507540518548734,-1.0921730112782717,1.1508302247584346,0.836414045960093,-0.06020982684032779,-0.2187170317192503,-0.4811855242544982,-0.678247884501364,0.6428040526890997,-2.280198633988039,0.47374671683522535,1.6600013074511202,0.3999767650867851,1.2527353889470918,-2.626334206435348,2.2887850714298956,-0.4832000971320397,1.1456827332634936,1.3452078557020037,-1.0659555908937604,0.8785053486451526,-1.5459118707062791,-1.8102009381830981,-1.6616817875654275,0.5176820632912739,0.6705765568750451,-1.215682083211801,-0.5418354709823551,-0.5498320805617941,0.32239832585865946,-0.3843083338277969,-1.463950590152227,-0.5472388466692595,-0.5054854903144799,-2.213571946808462,-0.3297114058412905,0.6449302318032185,0.8819986850285356,-0.36135221969213516,-1.5304790840737812,1.1119335928801692,-1.153839157795432,-0.995071420007074,-0.580794322422732,-0.039869260236323735,1.1074546311864013,0.03264725732028405,0.04750273208752916,-0.08016627988749586,0.11307567464811501,-1.5225764581845476,-1.052193116765661,0.6935117249143309,0.5713039285916336,0.047508439060613604,0.42894288826608784,0.7066208548111625,0.10089442091839332,0.439035350456719,-0.5703359530883351,-0.8300391899935857,-0.03880630772746355,-0.9815359564857596,-0.3170623456056269,1.0225780125040766,-0.29141400389062594,0.9418300692010193,1.4285322833651095,-0.8655332575784761,-0.3985963697760193,-1.340540521212043,1.164165218511372,-1.7447747953798851,0.2930535598702156,-1.4228293781176333,-2.1427809372379496,-0.45961118188929667,0.8698203315873838,-0.6443415657105414,0.8518479415498881,0.1102391102540175,1.6994820711162886,-0.23748451411164562,-0.8652854952947749,-0.04325738470484106,0.23245043626885173,-0.14174670034116468,-0.5418599226681954,-1.5996773634538521,1.265477620691247,-0.18849167805829986,-1.9094448872046959,0.13080111433850689,0.9483814408958443,-0.05910813545010317,-1.4080684313235121,-0.5942476697125018,2.021452428241002,-0.2133383637307008,-2.3463681024350196,0.099999168461256,-0.35230622272960405,-1.273599626797003,0.38927538593321453,-0.9824279859914439,-0.2589607407703783,0.6905980153937809,0.7191035704356861,0.6608082593907036,-0.875090105780018,0.9359065166052258,0.23055765551579077,-2.524443773841156,1.2006272294351985,-0.6012135124004323,-0.20439740710587986,-0.9170975706496879,-0.02517074330152024,1.1971438188473307,2.0920357276012194,-2.227532310915647,-0.1627342655741951,0.15557044234101453,-0.6536998707937356,-0.19692749248514224,-0.36095435737848025,-1.9132399243541784,0.2707104992147982,-0.8517940839035564,-0.7689015439026181,0.22283602307920844,2.2139109925806766,0.37324322632831675,0.8458026546945349,0.7604209906954676,-0.2746934274058852,-0.1845896441525632,0.44940554724690457,0.7052770625068111,-1.094975012074285,-1.1099386404548535,-0.11612152113572338,0.17761514726572586,0.1479018895790522,-1.3610967075768527,-0.8418342321731153,-0.07796531732466648,0.9847535344051235,-0.7389091467144923,0.09852055745674414,-0.693842812675863,-2.647704467309054,-1.2095726750513585,0.4501879151473275,-0.0335192373705309,0.032654921877279655,-0.5703893225207756,0.46463182557215343,2.0404194474849797,-0.48741486594794253,-1.2716261891082872,-0.148845197205232,0.2720464520539222,-0.25416455066903926,-1.504864813942428,-0.06498414913335286,1.032239761835036,-0.7385630659951211,-0.3784943551378474,1.463475189250826,-0.08898271932808365,0.8709895067914852,-0.5400808099278886,0.16479115344063022,-0.38314072846652236,-0.5438248069811236,1.7269014626180115,0.5336848229282904
-0.8242874107795076,0.30281950642009725,-1.0146678465414074,-0.4429762223633732,0.1482975979183421,-1.1813692221455256,-1.6368393855329557,0.009697520655416549,-0.516487376835273,0.5998518342005654,-1.1472393103623117,-0.3336035885148394,0.5133970352633992,1.2882980291499244,-1.7908872213154279,-0.5187578679023194,0.9781566349872343,-0.614107869119448,0.3457478162220148,-0.997538465899608,1.0515198268445796,-0.6307837758485975,1.129548190794843,-0.1311914259212797,1.0838675167869876,0.5891395537310933,0.7033531649110614,0.22974120186403815,0.02139283101246754,-0.783837315222108,-0.7656433543121081,0.05446264274696761,1.1896255690406314,0.24297789298333325,0.8265392569329854,0.712887108861361,0.8830682251081069,-0.161155496110154,-0.26804845584392245,0.36606651487857655,-0.6222419233067192,-1.678981504602494,-0.8768447602061403,-0.4476967968966927,-0.24813833977918057,1.457890879676966,-1.3438609917482687,0.7600446364568744,0.928968452780634,-0.04511304143612263,-3.7420338399865622,-1.1942826618739821,-0.48239653123708276,1.2898857454196049,-0.12110528923041171,0.06498916957774645,-0.6214433350774576,-0.6824507550163366,1.3790707408670162,0.20252870892045438,1.2844545675317691,-0.004762152858668707,-0.38380496248715296,0.3858184742916876,0.22172909305345906,-0.5030875753736033,-1.5436707520214403,1.194182393146547,-0.05957927175149627,-1.6050326164968571,-0.23582550279760325,-0.34410260287176975,-0.023927781808587012,-0.6216128348815803,-0.5321323665410688,-0.7634444997971958,0.09617774295403334,-1.184666972607975,0.41943453656474267,-0.7984624820047908,-0.4844267058168937,-1.4557404543625876,0.05973115089950765,-1.6738086827007617,-2.095586562574988,1.1280108211616287,0.004836408782742552,0.4873744872055602,-0.5175461921648914,0.7705084449276084,-0.9112706328688487,-0.5054466733440967,1.040394241166021,1.5786066630244004,0.044904606673121815,-0.7674112176167467,-3.6889063883253246,-0.0010003989950956554,-0.4200893225347026,-0.21439044812213542,0.2790164597599867,-0.7122127067477526,1.9006564153214265,-0.9011677059553919,1.2631965831975043,-0.5064396685207665,1.3664606164915807,-1.4220940846692942,-1.3699940464689686,0.45413052329678927,0.009619834785817847,-0.7509406202319214,-0.05301022212768928,1.5523156849861168,2.3100378675781466,1.2167601919198683,-3.062796191340017,0.06598612395006208,-1.2042113742762386,0.008214529517254087,1.50704881397649,0.6664301288932009,-0.5196413065371365,-0.8180954287422315,0.5427755113208346,-1.0632997469882717,1.2551339384052695,1.0046699588645265,0.7325379718865201,1.3991110860157288,0.18366999434509199,1.9577886601129941,-0.27485857348453474,1.0692395016533693,-0.12297183056652365,0.8216593278176539,-1.5790120109190489,0.44969046095384746,1.5602883537644139,0.42310956693794455,0.00882382563920484,0.0289287861583915,0.05659320202993697,-0.7226191231157115,1.346387858784029,-0.21717532272137838,0.6592980433887343,0.703096690743086,-0.187096766743542,0.4558076067911885,1.153023030579884,1.5191547498747322,0.389235493416606,-0.5121631276959323,0.6089732517799684,1.8421716327063244,-0.8820075915448953,0.023193895277910593,0.14462912765875305,1.1682051344261348,1.0742149451373382,-2.0383815057410506,0.3666608943226278,-2.856745790841319,-0.8210997484133904,-0.746768187037232,0.5322109298385554,0.4510559165236165,-1.8938582944547904,0.1747327902493483,-0.7437447207214668,0.6562810589672999,1.0802595641608477,0.5791716461042526,-0.8981384601025997,0.39980767958459956,-0.025070034833753915,-1.6096795146918261,-1.6720618107151863,1.1738632296407427,-0.09184586364888912,-0.5557353686307993,-0.38240587416661564,-0.0351493235951854,1.3122098489576386,1.3071411510484479,1.9580700081085534,0.7852182329416436,-1.1338132421222287,0.3461400031814596,-0.804756198698009,0.5817514423524972,0.5501116783659667,-0.3950983650983017,-0.16007779242979947,2.001968215800622,-0.3907753665170606,-0.787579866897726,0.8010708446548398,-0.7319375037704455,0.6053365885930937,-1.197436126212936,0.12953392423987756,0.38897286795374925,-0.34171018983442997,-0.15717695327917236,1.4911690821901984,-0.6318044777052895,1.2022709544289019,0.9331242298305655,0.5138092440904921,0.8324573338605461,-0.6738509991575206,-0.7848217685554683,1.339219008781755,-1.5419190184286915,0.47458711299111445,1.9799115087499388,0.31121956579570176,-0.504849443956093,-1.0420799210430727,-0.10748741918848435,-1.3816068397086483,1.505327768760587,-1.3160619141938021,-0.23612386357883572,-1.3823913616387409,0.8192951695366271,0.9337048626545895,0.13047871861157634,-0.8822975439517511,0.1563505213995657,-0.7157121940292279,1.2694968431023812,0.3729878345847341,-0.4551071826126743,0.014570409217254707,-0.30321512912529847,0.1054421804660425,-2.0072798726564836,0.5355242840649862,-0.07012339181320303,0.13073285721789463,0.6199287445567699,1.1019133827161136,0.669352201500875,1.7026083659190188,0.5601215838430765,-1.168104781970998,-0.23621725959735398,-0.11099249355743983,1.8486383508984578,-1.1836960888359092,-1.7130505557092532,-0.3850563637866462,-0.3414868907181267,-1.2737330504175024,1.510278542040321,-0.4721195823688568,-0.04114768433451774,1.0174016042164409,-2.161179585745591,-2.041905899265572,-0.33992530142866423,0.4216052154264124,-0.2167447075199781,-0.7815345302124191,-2.4216384672483158,0.3739815462811841,0.30638309538193703,0.01963549306413171,0.4107203993701153,1.2798865652557765,-0.5304996929763457,-0.5702531687810442,-0.6390699508177845,1.7094751548588227,-0.36390311475455817,1.0066156954796257,0.9967710496950546,0.35560442592415,1.414673536328546,-1.288957910996222,-1.8095477561872226,-0.4402659465240831,-1.5634890412935252,0.24670236264256373,0.0489313609916099,0.06589139216556336,0.3672919807861304,-1.1427943987985125,-0.12885159243234034,1.2177445952619335,-0.9172835711988852,0.7173649758211206,0.1544704980395604,-1.3217333594991099,1.1136808394009883,0.5063480347307212,0.1331924641925541,1.5071641714268482,0.62672457109975,0.6879541719393072,-2.05407559860598,-1.7490741242327097,1.1557296417577074,0.6926363921497013,1.0537846387491328,-2.101956813961704,-1.0619319166237184,1.1390016037010795,0.7959455131890839,-0.16843385631581398,-0.5632325103485654,-1.0155284722698263,0.6331893187799091,-0.2960574681351284,-2.098104286905113,-0.5631003739976654,0.2650066526161989,0.7178186070176643,0.35273597740116214,0.8437097021673844,0.48884880913882306,-0.055621852748094745,1.174105755920865,0.10203872132514322,2.434658863395811,-0.5134494329520319,0.02383613459285595,1.521592962235972,0.4313795297953763,0.07431094641608241,-0.6863586948599475,0.9186093528105419,1.128565970480267,0.47762897141473554,0.8629011410023348,-1.6637973296926885,0.097426105159355,0.14705680198293125,-0.6342598480236626,0.8965550551381576,2.647400200758599,0.2527919744683841,0.1841383778883579,-0.31710371901365336,-0.7662296139299065,-0.9446184140175887,0.21443067910156596,-0.030114678646333354,-0.36481212413284947,0.126945237851798,-1.5436110314947853,-0.38703423042887614,0.5398201395641707,0.11761400679849172,-1.5458771571703371,0.6575957734003525,-0.7634041960857317,-0.01626843707233274,-0.16678394647944994,1.2835772585122274,-1.141430158406842,-0.03895909291482611,-1.3285032748751235,-1.0364317637652716,-0.8827116903136443,-0.4736558905658897,-0.8846708027463218,-0.2842650452671309,-1.6378737339279594,0.47743622081946147,-0.009622447037059632,0.08525364280269247,-0.1584903357475456,1.7421686725350982,-0.5661667303768733,-0.042015312954464944,0.5981937229859511,-1.0423781860281172,-1.4580542366813771,-0.7642025926128001,0.5164553840865833,0.2842881992513316,1.0129422451146115,1.922688955487374,-0.5813461774258595,-0.567662577689036,-0.5975342249487405,0.27473654019485455,0.5556527678988531,-1.8012825725882655,1.1889301111776787,2.298441725906801,0.970277078936728,-0.8882617140635086,0.604311219598757,-0.4251041881439207,0.4021255375930172,0.13768222246027093,-0.8434458269760535,1.7811107207365067,-0.6071899768220281,0.7638277125242492,-1.5544386521522862,1.5216210446017104,-0.5315535460239122,0.7115728455349631,-0.3702596245768208,1.5449025937985281,1.0021750458811947,-1.4710393746357358,-0.8975911069973445,-1.4972625604463166,-0.39481541734061404,0.8529935085349637,-1.092612271771564,1.4031735312796387,0.014357776369370336,0.6736614278393033,-0.36035520760296313,0.06863380070131851,1.1993513587962124,-0.5446303190308569,1.916370551270227,-1.3267288408006066,1.0285991122481708,-1.5559325678336848,-0.8449806141864746,0.22107133747353772,-0.4304345549764812,0.0031896032736563364,0.6069972277309578,-0.7147563606296599,0.7242435870639778,-1.7209609514855182,1.279221869559692,-1.2770321762782115,-1.8422241168776907,1.1351562274447637,0.2957183661340063,0.5266224064929966,-0.33931941125774373,0.09699707364414847,-1.9402261054309988,-0.8057819594477771,-0.8570703898810755,0.7477792184376696,0.9084022299439304,-0.324367263657916,-0.7883540243427669,1.388233695347205,-1.5971896891499484,1.1477299659861009,1.7658937868450235,-1.7423816424968697,-2.419074084456612,-1.310892393093775,-1.6896471114301856,0.36369277638840364,-0.016074076529354376,1.0778622907589341,-2.229349985980112,-0.21290850904109984,1.5095517242381933,-0.43869936807754883,-0.5215678262491692,0.6145804140967657,-0.5933051978877946,-0.11711977007216337,-0.6621837935311794,0.9080544700641932,0.8942187186514686,0.6989435133109828,-1.356331196131816,-0.8505924145023289,-1.814242003532774,-1.1356346878973587,1.2236963451598184,0.5973080483229538,0.4945148680600252,-1.2663196701573232,-1.786433744104251,0.6983572771838907,0.011759584114725965,0.703412997057871,1.4548010605122446,0.11807339676427621,1.2080430580739416,0.07423231498100664,0.24550870256441729,0.45398986141751485,-0.01786731024242299,-0.17225490124596912,0.7058174010472962,-1.311625812797915,-0.25699091976912763,-0.140682489600511,0.4809117826239926,1.006774931033902,-0.5125483094333102,-0.2046775318610145,1.6376301662864092,0.69701110264669,0.5322098153106817,-1.170129242662953,1.5719345009848777,-0.778453883091114,0.8429181812109473,0.1679623135018481,0.9637429182405604,-0.8637250004714582,-0.8553523610639975,-0.9365557184879751,0.023576387823955432,-0.12522411448519685,0.36078247921607476,-0.33441512413778884,-2.8365190142339847,-1.0855682655657326,-2.4834682090559146,0.2901388611652128,0.7381832895671646,-2.0247929364763566,1.041116811178429,-0.3063291713841355,1.4810556112791824,-0.21709477820109893,0.13328530547832312,0.24528515362057515,-0.9667476039643583,-0.5923600194112029,0.23228345350069007,-0.24924470339096258,-0.8784984855268203,1.3774828710843519,0.11150022874271422,-0.08939269076078071,1.5216373339931861,0.41545708204843873,0.9305183135399258,0.631144451822284,-0.9137606131274106,1.1311497883897919,2.480428346742578,1.4084607919140972,-0.7917622811818399,-1.6196303635580909,0.2938182966662963,0.2854992353893259,1.4214894857001754,-0.14221908490798044,-1.3405729615560529,-0.4799773291559282,-0.20304470524351736,-1.6469836355766805,0.2639534707096118,1.0912249590059122,-2.188690383864871,-2.046032154520044,0.0626906544409945,-1.8414153373821849,-0.7358907640801438,-0.956341448906152,0.2062714458719268,-1.781988822829087,-0.47486966434434114,2.1292558230482177,0.7986064227596619,0.29533213201783953,1.229118421381339,-0.14927657089440327,0.0023323857806322864,0.5970122526997403,1.3541881641409912,-0.9755667962460464,-1.8702090584830589,0.3751257338899585,1.8447046997655197,-1.9189183407523764,0.3279827850635491,0.7254510355181982,1.5528159466708018,0.22503615950625966,0.2302851488134703,0.44201978816111837,1.2861229603804796,-2.369012276819546,-1.4773858689470256,-0.017564627834075367,2.1337063124450824,0.047933816682253196,1.5615976792859432,-0.16171189693600768,-2.504953344483441,0.5647000441215336,1.657754723195942,-0.31343065837451745,0.42540117933849353,-2.9090813805356834,-0.07756706488751379,-0.18747520518604838,-0.2907553543637885,-1.4135975486839918,-0.8925212630727146,1.5001600028483093,-1.5827584177726681,0.9707663279460241,-0.9809347057923202,1.48967703708179,0.2473449087359282,-2.3895796753534104,0.6803295032526506,0.5332722553487086,-0.2520645252960697,0.4988030708641576,0.770288760442334,-0.8270131029011413,0.14660466864221486,-1.7297550052472939,-0.9966805592538539,-0.9953334070288499,-1.0694404958600066,1.7100201682911658,0.5090454783512985,-0.11094116836901058,2.0518624633531672,-2.4496562155841497,0.6565117681810047,0.7251567687978664,-0.635635310758632,0.9255606902439103,-1.271554570739731,0.7759480999518503,0.6830901892445598,0.8092614255788114,-1.7810425053081382,-0.3332843452386265,0.6971805382275172,0.4595715740037469,1.5900607976547732,-0.30684720145817274,0.783280928995558,-0.9751842541793052,-0.7820908645546554,-0.870217165152116,-1.3425195521592161,1.2957635688645883,1.4188143917869165,-1.5717893750672531,0.6430567285227375,0.674423818802311,0.18327883896937375,1.0502131029762138,1.052563553754283,-0.11169148712079481,-0.9002712195302659,-0.838675641519671,-0.5221499938690143,0.6638183500869494,-0.9856051799573395,-1.074510249054968,1.774147235525313,-0.9491771170212051,0.7904678706216642,0.36986354065938876,1.500061361534218,0.886356733868479,-0.9436735704217813,0.8277282320005963,-0.0946635505172041,-0.4599438563536114,0.18962644605021337,0.5475010703361216,1.2778046144395587,-0.7795688162500313,0.4987890168453435,1.4167427770453733,0.9858009523005002,0.3660826187706546,0.7962466261263386,-0.18590265427852315,-0.2702723277459259,-0.5868894489205349,0.28056726347578065,-0.3840824199670603,1.6700371991694596,-0.014706586957822053,1.5391196282721145,-2.926900618266234,-0.4562813508538712,-0.3159933793307017,-1.4495028680916469,2.5780807490418534,-0.6609859877622793,-1.3421808591646207,-1.7781614806119783,-1.2738559634440736,-0.9745433848914645,-0.7184853182899756,-1.2056517549293042,-0.9163259130465575,0.6056416077028094,0.5963530656088346,-0.1875290603420885,2.001262504405404,0.1756652045304704,-0.31922086431848096,1.3722099697124304,-0.08026235254583924,-0.2751246335400087,-0.7277020863724509,0.7670549372866685,0.9478989188738488,2.268153171048785,-0.028906668813299174,-2.261722290437669,-0.4964277807528655,0.2541834769596211,-0.09864273867414217,0.22455659499788133,1.4186507421317565,-0.4126486807141299,0.5643215406259446,-0.9436124777931212,0.4338932408349395,-1.0514518913845807,0.8147270903643854,-0.08379361602408567,1.3426469975049753,-1.39007988043225,-0.9473122876218346,0.7223144202632695,-0.5627419951589161,1.282356134690522,-0.10081814224339063,-0.9417025567009076,-0.2804059914347746,1.5309579946693013,0.6201891893958856,1.0697380819251925,0.8620911555673791,-0.242419768237222,-0.5689636004868591,0.2983981419747478,1.3898742503840378,-0.6213723497826973,-0.042877504653090856,0.17249922776340987,1.0861149344596603,-0.005427598143153254,1.6169528210544228,-0.9824716089769528,-0.5507254246740038,-0.07477587519942988,-1.5197489795995605,0.5481241046183789,0.38843932188789415,-0.20638150058886529,-2.6594311564576003,0.015055164516460655,-0.06949511786855402,-0.6345385984904726,0.3494333076845943,0.45136112562157477,-0.3776445384816709,-0.7593967535530737,-0.3922854351333919,0.46724269971281474,1.4568925212444126,0.16337812477928126,-0.016663029342063977,0.411284642387419,0.3432466959306846,-2.2198313136229753,-0.6991858934335043,0.5206063444625131,0.2838838458636941,-0.4036677270715102,-0.4106190659992054,-0.747606333729462,-1.0640765237379097,1.5144727427760134,-0.006322432223923511,0.2579627609502165,0.9793571766724323,0.6559705181856166,-0.7851851165595573,1.6045885957877257,-0.4445510826160188,0.28647095700499114,-0.7395554284543369,0.853983550563997,0.1921383344676241,-0.016815306615267107,1.0213189783644254,-2.9133595614289614,-1.2028353538306726,0.6089574714784474,-0.4828670447090716,0.1269771191895633,1.431250400549393,-0.6326730195388652,0.11800349585773548,-0.005965734365654373,2.2807205913628765,0.9253050274499547,0.3034614688889727,-0.4870039009374708,1.3876508559199243,0.3093092605762412,-0.029676770268066203,-0.5429958245813133,1.9888247162735657,-0.20014425009279824,0.49374037742388693,-2.491049578881006,-1.0167200522124404,1.1104204586976292,1.5286930284596307,-0.23007864390196553,-1.1821132004148913,0.5065473680113277,0.8813438991372441,-0.591453225763253,-0.385624158995334,0.39501892163101054,-2.300342460964549,-0.4616007958651163,-0.4496074209825699,-2.2848178830497483,-0.08771526961538426,1.3392174135067205,0.9968415573532361,1.7620753663513502,-0.7089462330397137,-0.283215214619716,-2.0885572610218723,-0.4341095033645548,-0.036002294590363366,1.0881932680439812,1.8313828453356078,0.2960446119364663,-1.0056918476832577,-0.19939121837766116,-0.021223615063969633,-1.1693808608962084,0.2645044248720957,1.560964437020449,-0.0835227779222876,0.15672998908639035,0.6447319705706704,-0.10741582636937583,-0.7408103970300735,1.1621691292705087,1.3384240108237557,0.007767254394223375,-1.8445551662134188,0.11156027555471697,-0.21642118741367913,0.25690284424220516,-0.80947825459038,-0.5098138665399813,0.14631014132383083,-0.13100436212414873,1.384460626747827,0.41567585047962236,0.2693334017990243,0.48180986147485694,0.07022934192656305,1.9465709460875087,1.194182454765441,0.551376321257136,0.27812451120432186,0.08497679491253549,0.5723413931584315,-0.6605480437569632,0.04816847431492038,-0.8571866987696869,0.38182067089513416,-0.15744576822688838,1.5497990838013485,0.1837326043146324,-1.851026321225964,0.4908883617291081,-2.290453806140577,1.0998597756318382,-0.03164820428033902,-1.2280304846333177,-1.3237471693299043,-0.17181170684773284,1.4510855194328796,0.4445678882510098,-0.5355009429904077,0.13398553547356654,0.3140541345682063,-0.14679707107477963,-0.7862572116867638,1.3186898295492526,0.5520609167176941,-1.9355118179819157,-1.5381394809022388,-1.2163498340054941,-0.8420576013421032,0.5869904428943818,-0.14343508939529753,0.7186887107140534,-0.5803099766669597,0.3924149254185468,1.1845046286535899,1.707365134833792,-0.8199073724909941,-1.460127704030322,0.055455233734520444,0.8755802222805423,0.5112605718240156,1.1733266402889335,-1.098119265426587,0.12422350358589507,-0.5564857986378758,1.7261383072098935,0.15326479556166706,1.8727810611012847,0.11197615224762346,-0.9170808123172343,1.7551318071808535,-3.378132689872069,-0.12315423255175469,0.7845922347176575,2.6007814486444327,0.037720315310592514,0.9199368640858776,-0.5424460693467902,1.361669713945562,1.139646384173812,0.0949391675095664,0.7708837685324468,-0.5203280334556335,0.11495803481561603,-1.454588063546065,-1.2011753344929512,0.7925317817622332,-1.080636448460463,-1.3485366097045854,0.5211943174925916,-1.0351201565345411,-1.1042989942439358,-0.6273812711612647,-0.35764267212429784,-0.6363602958705327,-1.5245167538639803,2.084154534797003,0.9034183514851785,-0.12615095846013888,-1.7351786532616797,-0.7460568003128172,-2.2455861282419947,-0.4782389031550295,0.7607225576761792,0.6240277902400087,-0.3337846265166782,-0.7441908903377416,-2.1370713180830982,-2.243437394702773,-0.2839010382465533,-0.037092007859280934,-0.5689484796488039,0.8889701999595765,-0.8337331073313059,-0.43177391961339456,0.35319571569425035,-1.1809029297752416,-0.5301157635465557,-2.250864897675439,0.036384321649883714,1.6350374310347164,0.2495635151572522,-1.192414620421119,-1.330293620177141,0.15802681813006472,0.7735112220263061,-1.9589044637832567,-0.08255184461782708,1.1738906684498893,-0.8728500580398139,-0.47355379305430495,-0.28977164437735814,-0.789496197293418,-1.1767973648201169,-0.5651984305968846,0.010780137385518073,-1.14802819525107,0.16350572944655986,-0.17846120755377928,-0.13204632476402173,1.9312571269340548,0.590200058859943,0.6659917927182029,-1.7304739289859437
0.6387554630941377,1.6543627112899044,-0.7274886161261009,0.4140260452056685,-0.5894673453541874,0.7390692467248174,-0.3934136632124488,0.517258843710942,-1.3239896046991309,-0.06949522287151295,0.6256605011635074,0.43352581098661136,-1.6471133487409262,-0.26046936822774125,1.388601238424043,0.08045840371864328,0.3602836488141816,-0.5469981523970381,0.17049314344323832,-0.20923825914754673,0.26997431618828827,0.16170404699750987,-0.23063764706577153,-1.0233946188752425,-0.1711697594896625,-0.284154236695607,0.55203177510438,-0.19604183175572656,-0.09845661402256968,1.9579948923996209,-0.44808225236858035,-0.09304923351113396,0.45172277300487323,-0.17833672448462937,-0.579584074776932,1.0271368588139185,-0.5216196913425761,0.37941993193739726,0.0952105421376189,0.7041307626216827,1.6394184380578554,-1.5669423727286973,-0.2685924731254329,0.22018901936064675,1.3449123020495242,1.4169200345110256,-0.4826469839972955,-1.2851371136109475,-0.5801955088210273,0.6227870519707085,-1.8765557699996753,-0.20825338277338246,-0.31926762390776037,0.10604106730309835,0.09271910731224868,-0.7229307346139087,-0.3323871954474249,0.3803322572029322,-0.5016408136773319,0.7845821201125579,0.1854738955127918,-0.29475646181966664,0.05604506236385447,-0.6747794480120797,0.5349389202135091,-0.19283867612915906,-0.5406849396997646,1.9009006061346159,-0.4016080327042152,-1.9255572795497056,0.20045451132022848,-0.9368216691894107,-1.7079326241685915,0.41891748311268506,0.21756796863641809,-1.2324554144306985,0.20661766250543973,-1.6219444116288846,1.465495554835678,0.5324730877658802,-1.300714432203075,-1.8552682771318385,-1.6249387301681435,-0.24006790159493188,0.27941449596676493,1.4879758250074775,1.0185393605586863,-0.09562672726628416,-0.8326081847334614,0.21186830128138578,1.27867130866177,-0.8004873891674164,-0.5122947884250009,0.6972255712358899,-0.298793410612826,0.8130237165384462,-1.0022127344707368,-0.47919433230479175,0.5870678628943832,0.22304259527699763,-1.767083536171928,-0.02001558433306431,-0.3939256745469987,-0.9391936494750054,0.25770274175905367,0.7313502725171284,1.0862385663409535,-0.2738375898797381,-0.1916774700483424,0.03710099977014097,0.5673112560050677,0.555710441006505,-0.030929781129116745,0.9342432039225201,1.5717363621212839,0.7073284847016306,-1.0335262739207245,0.2043321765164573,-0.02780667324778874,-0.21446078879769276,0.7546169099548817,0.3496438454147482,-0.09871958990018706,0.44647526778082336,-0.322197277520428,0.25217036580011676,-0.5306647958674616,0.4767695615837434,0.38030562147176,0.0009027775842609979,-0.3254154308698315,0.41224818654505757,-1.0342152389385628,0.5034692055863569,1.1398097808489707,1.2996987789135561,0.13850584720235246,-0.6988737205999481,0.8243996399230268,-1.0520041001879292,1.7624537195592915,0.8226761730409494,1.7275485325254216,-0.4504948614839463,-1.1166471601834647,3.318445491016418,-0.15192384473491535,-0.8425672655281842,0.04064815104938376,0.609497798440921,-0.43749742383595186,0.8532934086313222,-0.7828468711191922,-1.435737989078994,1.0821357603314359,0.12751223886461727,-0.5771624407952026,-0.6840192553073685,-0.2573723583814708,-1.2690286611246846,0.6819306424872512,0.9621853661557953,-0.9494568230915716,-0.25789213224086444,0.7370485049887577,-0.951335212690828,0.8678528747169316,-1.9444143681100479,-0.7134355926015813,0.23864021374473585,1.3959764484008355,-0.8683821069191217,-1.6760069695116784,1.0184843567730266,-2.2911368300092843,1.7259174515870814,0.4528014133869622,-0.909995339759654,-0.39537154204132713,1.7541952773313307,0.717865741222038,-0.9880047882268893,1.621379762786097,0.15561093068128132,-0.1882274321973927,-2.155608388668814,1.146278613611958,1.8152289534097399,-0.3605034305848449,0.25755560612213096,-0.23337590442637923,-0.3333869079663129,-0.6019849652836605,-0.2602610924853563,-0.8958382110153532,2.0278866819188637,-0.34060892991978137,-0.0027911000976127854,-0.4907266627526399,-1.8362327439211465,0.2518816376917856,-4.087597703132569,0.04458714512403648,-0.8977547104893168,-0.488197946973116,-1.2496597200292874,0.9273868085225098,-0.5164556751527656,0.38281970158870066,0.24143197487930196,0.8839328650012825,1.1523534418497061,-0.5142904884831072,-0.3873163963968455,1.238371033469876,-0.5184978791539141,0.6930740255084685,0.7851154200711602,-0.7885526175290186,-0.7128617729067499,-0.6178550999172209,-0.02693938482930624,-0.7989505345345213,1.1914949688203822,-1.5659615899686732,-0.15822223719432849,-1.8741769187553643,0.5151058236284574,0.6123880108423921,0.4138181956575558,0.8722223731442622,0.8728235347464071,0.4287853302263139,-1.660124528914243,0.6831498406521085,-0.6462705075350565,-2.600707882742421,0.649589876083806,-0.6645381268410182,-1.1119024763336542,-0.18138861346466278,0.09793348335498758,-0.8367200792954607,0.7636099897747537,0.15030695584178738,0.08950860004614493,-0.6223862284874333,-0.37758007502427465,0.6601454036020186,-0.7975982631410405,1.628865400516793,1.107922186694409,0.818498756662392,-1.8722047944172513,-1.7839133535807206,-0.17082819416215414,-0.6044837033118634,-1.08854768696181,0.7477122474258432,0.01390728767533066,0.38553504203992245,-1.6743854634455735,-2.039495985051308,-1.447484911330281,0.7987204753570688,-0.5689750355629485,-0.5797490641778988,0.9538854283176688,1.1475683725831742,0.6696206235650171,0.3335113256352769,-0.23426338930130808,1.4960406467370435,-0.2817638991019172,1.829888796333701,-0.47940585373310096,0.44847687744283604,-1.1452806304636929,0.4851635090871191,0.5184619196907706,0.5664384078731879,-0.00827336451520118,0.2515963834882758,-1.6030984889950377,1.3583463254591284,-0.3417438378119775,1.3645501938535718,0.13217132192647307,0.5821614281767803,0.9466182397490845,-1.3246511589213519,-0.6094122827479904,0.15371715841109965,0.5362370319029931,0.8545608282378679,0.23143977720905953,-0.5941778821829621,1.713988123823682,-1.3756289646071687,0.02244899018456173,0.1980515481080403,-0.5122309441154744,0.343462253510927,0.33503769686064466,-2.925610403799445,1.1811069987946556,1.09505616685001,0.020525140053244306,0.904362291848673,-0.5094561156562332,-0.5868694017979631,0.9022897074455005,0.3293223681705339,-0.2647826653760799,-0.8440630235616884,0.23688190591053376,-0.11177556329632472,-0.9342107223332673,1.2695025619457847,0.6760218995270425,0.5914874878942183,1.5348976683732352,0.2144508820869713,1.5666366145295305,0.4434276457961062,1.7090176485212263,1.5623542665463517,0.3278666137276098,0.8166545656053609,-0.23122976798069894,1.0399018292708992,0.41490865662399584,-1.7186089062731986,-1.1148308286570359,1.441632954495388,1.6299449746866281,-1.0704849852484646,-0.42325994704067244,-2.1334712276729872,-0.20129767327502318,0.5850785554855994,0.5217825102834623,0.8697730882465952,1.6918667288667364,-0.2545045372662009,-0.4561389146657523,-0.6452807416521938,0.09292817521113085,0.6705345690080157,-0.7615745878244911,-0.610447149885907,-0.2843501761680267,0.8591200911809087,0.26397057056361756,0.13512348698207555,0.9715418730828818,-1.050705008675998,-1.6634190481991618,2.0557116303400234,2.3216453534340338,-0.09522094198234912,0.05876669494309462,1.0625367031797264,-1.5091489903769029,-1.0449330726986903,-1.6167126757259684,-0.08825783438099478,1.2353522562257404,-0.7170476032468024,0.23956094027239982,-0.23459485025752616,1.6719104321422602,-0.3245554154434553,0.06652899488085097,1.002115064529963,0.14571415793440956,0.7142495658017286,-0.35422566859858,-0.24565891748199117,1.0240890605187738,0.41412630425209235,0.8558737194232002,-0.24517561177435027,-0.22038950657679415,1.1411255402866585,-0.07684118582136919,0.5532388864294521,-1.0228999924245277,-1.085433833334854,0.6046150012229592,-0.2661992851814146,0.5432414075173779,-0.9983999961180239,0.8316816755778738,0.3651200421341338,-0.13883342783622526,-0.5983618778220768,-0.5022410580284047,-0.3209913033840147,-0.9265935071821837,-0.01337784338630198,1.1044325941984798,1.596472081573398,-0.11245173171003751,-2.0779067811151593,-0.3942208868884696,2.0819769955194185,1.9477750165007737,-1.0054983370837132,-0.2500458251751914,0.4864056683692402,1.7500695348363076,-1.6946917043331986,-0.5744310340296337,-0.16275260567009128,-1.648914342445381,0.6876349365898046,-1.688951591688748,-0.4796587204658885,0.25381071177337977,-1.0925640479431256,0.4894548222917043,0.5248557032260702,1.8579711038393192,-0.4408076409545903,0.6897694804239695,-0.1180420758736852,0.2495226476350774,-1.4651925961811425,-0.7461939992154296,-1.25030899998649,-1.985032284282112,0.07840197204729864,1.0324847530488828,0.22426771329430403,-1.395113092125355,-0.2423808133862743,-1.4482700405504032,1.9230117476469912,1.1064615829384814,1.5540832698608977,0.5026685711211497,-0.05543646618285719,1.0542225788284,1.0762554564777798,-0.5359180990293068,0.35749319477963815,-1.0094431885031725,-1.478385155393501,1.0291772275379976,0.05840713323589568,-0.6724147968733135,0.5913078320029218,0.19882994673306437,1.9231924324105691,1.8037404301463513,-0.03905006326659277,0.31904336499666325,-2.781572788029522,0.1966549168290376,1.8127897835940001,-0.18632745281685184,-0.06725995217871922,-1.7663880751382983,-0.31379720673934414,0.8044625411553148,-0.3068950614165226,0.3875421313232759,0.31955325670115337,-0.25847720657860584,1.0823971531849363,0.23539950091150014,-0.14179500448247426,0.11520476597166439,0.5429894314072554,0.5551905978470316,-1.9378825020163677,1.0184900371996055,0.6151215176364043,-1.6335543383109086,0.6196655610286288,0.1418582922146736,-0.7897182701550857,-0.05366638334690876,0.7842235779396887,-0.17674118387869167,0.5954533320122793,0.9448577867425598,-0.3514945337032749,1.2254251385281447,-1.0222561163031987,0.29936452656331314,0.9997981907975041,0.40303929944484457,1.0858260282429308,-0.6343790521063388,-1.3245995075642127,-0.896295518611756,0.8223156208876783,-1.6254176488809995,-1.0737689019692254,-0.35778128159151107,-1.0499130449740044,-0.5715486079530947,0.7710001361197426,-0.7223425555310886,-0.600117822107366,1.645070890114646,-0.831000835454541,1.0537164691880858,-0.04993886273688129,1.1004635719509732,0.902627516561594,-1.447120598804351,-1.9863281218424402,-1.3325526332631275,-1.9487905542522486,-1.0180480861335812,0.09692683354273586,0.1020886850260365,0.4374042252814616,-1.65697913201523,0.17321058896827574,1.2006713782669585,-1.1581111777051594,1.3513698148796638,-0.44351628220388667,0.5971473480382887,1.0893342708828202,0.5187910985022106,0.004018202794723994,0.2726903578302016,0.3172572900530799,1.373545201569939,-1.5747635394236572,-1.392573442967067,2.347471365095877,-0.17171187961251422,-0.14181391783115202,-0.01701432786176594,0.7056671940781561,0.5952977270302217,-2.4903455321126153,-0.6541214501556537,-0.02623304691464822,0.844549418111666,-0.49723819214413534,-1.502327341042432,0.8917218306113172,0.08609053918006414,-1.0378652702854878,0.5247385395532949,-0.15785750150711514,-0.8124020134442675,0.6460716435746638,-0.9851140174362975,-0.5959662316159315,1.0124929569616845,1.38565076917711,-0.6264945998991076,-0.43141323470188886,-0.5057572444189613,-0.6357719229833598,-0.08225063411822897,1.4695206055151095,0.2593737274941696,-2.0936169360771357,1.058889219451911,2.1704438593888074,-0.3933842117543316,1.819032910662586,1.8366880061687958,0.5247507464813164,-0.4889080041620755,-0.4858474660876811,-0.31868442186254503,0.0678222818824892,-0.0007899414178218365,-0.12000871680121593,-0.10568530810724995,-1.190010344573619,0.12151837787266408,0.7133879194510685,1.4809961225561747,0.150387754307332,1.3640344551483643,0.7317690642931698,-0.667830696048537,-0.8457824300798289,0.834886743005466,-1.476393873961056,1.388627195382914,-0.29531450567000966,1.245770891798488,0.2784855030369831,-0.502926202868135,0.4362153104076061,2.2976023171436455,0.26514738785645425,0.6607620276473083,0.13773438014480427,0.9097081360099034,0.22107199706895067,0.5001627254972166,0.3973828488496664,1.1023645012500973,0.7633173318419709,-0.8887375114490801,0.17359292002504761,0.11911851858148892,0.6388670131724229,1.9211610499725273,-0.7067573812170004,0.915320164499223,0.9787270154526633,2.837784671517809,1.6481652272278362,2.1743660301544026,-0.2976306546136339,-0.4946528183936997,0.5342555186938389,-0.4458195387404251,0.15301535257238888,0.025844852390520485,1.4799785666518885,0.6905706002593482,0.5182304133572979,1.9563324161492623,2.1187637343699675,0.7689251184531601,0.8820779951824145,-1.0681737877888284,0.5744046569965847,-0.04315575438647681,0.9546108861543315,0.1620296030544534,-0.3923392772942095,-1.2066295496403314,-0.3093240401943246,-1.512561722923655,-1.9001348216621423,0.8540471587627042,-1.0033835958860122,1.1444117355732908,-2.3527242020495422,-1.2775481469348777,0.09022174424523313,-0.5875787339529215,2.354919969010977,2.0273262498199722,-1.4588646763121251,-0.17316513574093373,-0.605247472843356,-0.05741981417184892,-0.9753467702017,1.7171891713929126,-0.5114064205053463,-0.5116053999661535,-0.08135769857272541,-0.26600310119474724,1.2185410440013436,-1.2947691131070085,0.1656381608913604,0.6048083428907449,1.1499580099213935,0.2003230151265812,-0.05096477464399477,-0.009537288576857579,0.6453041650206226,-2.4258541100539426,2.9506001497955943,0.4362298645643364,-0.2857006325215456,0.7703945593612527,0.8590181234245715,0.7459444336256427,0.3245660488805921,0.15285464064533189,0.4104627625636312,0.384301468027162,1.1331153153819247,-1.3294211914915315,-1.2081090048996757,-1.0202595995427146,0.3428613276956429,1.202519648161687,1.042623728437439,-0.3374936388605915,-1.2952804885882225,2.555663133296836,-0.7546079009723065,0.6343891562073694,0.4253953229949577,-1.3307890562452351,0.6014985977648749,-1.4999639029557064,-1.1210659534595004,-1.006984809931001,-1.9228038770678944,-0.27608455599413567,0.07917003599223137,0.19445719417608467,-0.519743063612749,0.023166753702529477,1.1209269441158194,0.6606453562861297,1.9066962717990854,-0.4245080329585644,0.46319226950267617,-0.5684300293499555,0.3742160320343078,-0.40537610447770134,0.2029972594695773,-1.4774456053858118,2.319117872094961,0.0014252092438708896,0.09649552458737307,-1.446389370113391,0.29174926222830877,-1.3537933540258813,-0.24750376128489124,-0.5153926828043666,2.360289437646289,2.8215294074872266,0.12584714953295964,-1.0955756295093877,0.13335152921765375,-1.4865107255572603,-0.6500457855068428,0.5906369009557819,0.29113210244948734,-0.9382066631455516,0.41751358491077717,0.2468127042381338,1.444897228537615,1.9540735492739711,-0.01710292675506846,1.0231360010107653,-1.4999824698902746,-1.0293435235683333,0.8149063363632033,0.7649130562470434,-0.9234126718096162,0.3388378755712297,-0.36567392526557946,0.3011241427386545,1.0466023317323085,-0.0943183962501708,0.4560939119101134,-1.4264737217359482,-0.3402449027721519,1.4214364149216159,0.6662760710514403,0.5353482118540278,-0.8532353672937713,-1.2583300955358907,-1.258493695359754,0.6094937603634827,-0.8455573651801683,1.8654585975123668,-0.04530546603306764,0.7185727643390486,1.1367141742593716,-0.37307544410200905,-0.3987274150657117,0.6743998796238538,-0.428082468030602,-0.19416755364705604,1.0591983815045538,-0.5918757837210206,-1.0335962725283925,-0.2449657182032924,1.6196669371107835,-0.09633869381472353,-0.27967017698598573,-1.092776416590941,-0.0982138031821231,2.226144212937997,-1.0095106075341935,0.22805192072288907,1.054534375576271,-0.3725610206018385,-1.0307327529134556,1.7329333288967295,0.4476201913614022,-1.5012206046514702,0.2298487745109995,-0.33023555625437323,-0.7488960910857656,-0.16839482905824857,0.25811986760616257,0.3376658200123041,-0.8375341499087513,-1.104884311563938,0.07655217103835019,-1.2688502030607882,1.071825541236528,-1.3742006263326172,0.1003476676067555,0.8188787571886039,1.201031246384978,0.14613855284215635,1.0748214907481999,-1.8878815423151307,-1.7283490807203914,-1.540049137837119,-0.8911349123490748,0.2412106450627646,0.7254780514889065,-1.2522456794863104,0.41917724500623693,-0.9606451044623989,0.5672744839146341,0.649832581922056,0.7303551906883613,-0.7086016993406704,1.1283186119032091,-0.9059713913143633,0.06727782234836036,0.5438261130530802,0.30855531259961366,1.2937641839751612,0.8675134088155435,0.41465334929709036,-1.0750334688584835,-0.7553150440565791,-2.03316697225299,-1.0842449842570685,-0.6293904730214295,0.7629013514319322,0.23411895850166833,-1.128041011707325,-1.041503729171075,1.2035777119998106,-0.5863168723012984,0.5594896966431716,-0.9422804494201913,0.5242147842652584,0.7329766753294186,-1.0195432034357077,-0.41172908680019227,0.27170803365060225,0.8774438550090251,0.14985615037360137,-0.8310672328905021,1.5964766445028749,0.5676042695186487,-1.2157993530182933,0.23427879718728173,0.8260131785302915,1.468743764733103,-1.4336364244011133,-0.33328418175110824,0.7356284079905031,0.569385319571777,0.8043199578769303,0.07135562457630866,-0.5708259853018404,0.37369903131521737,0.23937505550751687,-0.7941614361686692,-0.6778812715611279,-1.561065468100931,-1.607561309878797,1.3239913820863478,0.8340305681873206,0.6962573893100894,0.3124471451932511,0.3351626867259707,0.10576500191554754,-0.9439318915889475,0.7344853245661019,0.6747833163617387,1.7493291484973938,1.0393582959599705,1.2551540273317812,0.047241798528833145,0.026587048032267628,-1.9131190526049022,-0.9097464542470981,-0.9261775281806255,3.570783771877707e-05,-0.016922058744416144,-0.4545436842802853,-1.845112902966947,-1.3161051694297936,-1.6299577822970048,-0.01045479074712312,-0.5942396815319342,-1.3708244945404515,-1.3429101887423598,0.17628534384925587,0.5327552820355289,-0.25144881703094224,-0.003145084207813444,-0.3888587068491741,0.2050301387636382,-2.6095708524347807,1.4631529628834186,-0.7196101146306493,-0.350656901349287,-0.3898171132005537,-0.6308940252267075,-0.9838709156684523,1.4127599931377746,0.6743192679952341,-0.6407666669815167,-0.34999347977440287,-0.512711098587754,0.11162762278162945,-0.08569386139603058,0.7078724788109174,0.8877729134734306,-2.8373632891174805,0.7867314976421812,0.6451850671970472,1.6769415565516161,-0.6407241837296169,0.6478916462288103,-0.12218305300965845,-1.060754887083522,0.6488363030432435,1.4868596963056604,1.8207354060145273,2.386009677598524,0.7276808044558962,1.100472336660295,-2.033545298424106,0.5578492122240327,-0.1650092526790424,-0.1819791396253748,-1.7068059910964863,-0.8689160514597303,-0.009429568814999505,-1.5876950290297511,-0.49076601814066995,0.19563120232338344,-0.023511114835144214,-0.8706818959319362,0.8164966728641263,-0.19462123301296058,0.7974620659657323,1.104823829127218,0.4754386997885177,-0.6028822520488772,0.36704471760000634,-0.4364591182145615,0.7719783079687059,0.4636052691965692,0.8907212915182597,-0.8328969963778347,-0.6234044928085636,-0.29776722488879487,1.4040390138968317,-0.5277052814954755,-0.0105704559501658,-0.7844028626237712,-1.6691563146758706,-1.0016813335531969,1.9463505415487827,0.11418537385277748,0.9383916596780885,-0.44077855114510156,-1.9230833424529097,-0.16025569547895893,-0.69341551637258,-1.3827095345528317,-1.6263579496263691,-0.8703992494511914,-0.6262696714861461,-1.199355351520218,1.3408101131050711,-0.19711980141031255,-1.72948995019298,0.9850741021756262,0.7044601763655521,2.3911999834630557,-0.28636146510342186,-1.275729064662762,0.3377477884473215,-0.6864210439885959,0.4368186862877635,0.8412135480348868,0.43908435917829425,-0.8095207410969458,0.12285108064917719,-0.8742928660743478,0.7042614427459402,-0.7485598336488973,-0.9179885124588565,-2.3308649573234055,-0.336094482864431,-2.260366199231772,-0.09199866108878581,-0.5797071905678167,0.8785776437000877,2.421917970995456,0.27176197404132624,0.8831310642580067,-1.1329036713899958
-0.11914919169817186,0.44082222371626517,-0.5727665661286118,-1.7563141118434136,-0.5832949307135442,-1.2761085259314533,-1.1801550752148837,0.836892849327798,-1.9163611512157137,-0.2694387076146176,-0.2571559744599383,-0.44318793715840743,0.37860089301431266,-3.09879965946488,0.9573640237750294,0.7628037390333116,0.38840294361231487,0.12749197385876904,1.060977218223896,1.524559989703721,-0.017324050915700027,0.08013924247921039,0.5898997493567554,-0.474098637690963,0.15851374889999473,-1.5876899108017677,0.5898842651254709,0.3799865931245219,-0.4572119425590236,1.0429521310237275,-0.6182467154794845,-1.5364041389033518,0.10888534251658322,1.5198417790355174,0.5624725833940447,1.3623457690211922,-1.7962344782717823,0.08522185410668887,-1.4753495826691447,0.940500231050894,1.5396002758058158,-0.4056344001380672,-0.255959141115207,1.3433691361979814,1.071418214462267,1.9351609182893945,1.931398243732807,-2.1940136896790987,-0.8218112685133278,0.6968823085657576,-1.1317933825193964,0.6879340607645894,-0.06435769621395257,0.9378801733042372,1.4221901389094485,-1.959983255994498,-0.05278549650244275,0.9460465143156497,-0.6902300934928405,0.12459475306491141,1.2612672005103576,-0.42559387812155797,0.5789672954890519,-0.5992543667371267,0.6944313534880435,0.5238349853965585,0.46868586653223576,0.5470017403851981,-1.7053158854004153,1.0019986082605832,0.45167799999043506,-0.1951614207592978,-0.9030623159192148,0.43306817601794473,-0.4676615335421138,0.47563866402353183,0.47856605144320086,-1.0757332727792934,0.70939873376989,0.7527827381184382,0.45660387157800814,-1.516780340032555,-0.6427717061715993,1.2389892048810944,0.7352307571818065,0.3761028517909981,0.46842774919486213,0.17741914691194954,1.192673773617884,2.2088278077254344,0.5205138462863429,-0.0800126431558368,-1.2385507461943261,-2.2017507390698294,-0.8885049134647286,1.389346650322518,0.32787613501983603,-0.538495125967466,-0.7058559440420877,-1.8059033276179897,-0.7579182117018144,0.14377665061304132,-1.347091542793591,-1.3010898771571762,-0.3929780418261472,0.34422044152641745,-0.50277049345619,1.0385219432173565,1.0248811612534887,0.03818911028576447,0.657149123044683,0.37939721022171896,1.3804716191110917,0.5269708282568957,-0.34144623611970015,-0.2874321705159819,-0.3475695163719002,-1.07029456430472,1.3044427095160953,0.6868000001665359,0.5088455496572746,0.1407524699581795,0.12701813919745567,1.061454783363297,-1.0338621638217984,-1.097510528486755,-0.6380593672021305,-0.604214145830481,0.208960386794396,-1.0150547977522946,0.1533797404824885,-0.6363928019030604,-0.21511944966179952,0.1886519222303613,0.6763700323909343,1.3954804102873106,-0.7593128028768612,0.2888398810362701,2.0083232121294285,-1.593869681047393,2.2562002541111443,-1.7378715116576988,0.8369387858788493,-0.06242204686615411,-1.9449302637939607,0.6190842438836037,1.2574490804612002,-0.24380822104713437,-0.8721462749453499,0.7830216105004375,-0.8428975004187067,-0.8155570764518288,-0.7210278803593007,0.4034339109833202,0.3835119264117889,-0.17526128200983956,-0.9373865684731673,-1.1318860744246193,-0.11231896790199525,-0.035739422844227396,-1.2046727724552377,0.22568368408296938,1.1509497859211035,1.1848025255424701,1.0553166673934895,0.2635835743140605,-1.0208344357350057,-1.1739946980046412,-0.13204929204756904,0.6510349017591398,0.9987636319503346,-1.256620416911882,-0.8369822445193743,-0.2271844947990699,-1.3987885014396415,1.432410560253285,1.139196631881216,-2.4641817701439823,0.7056596980383683,-0.20684672865550255,0.3184968194577336,-0.40644443945138237,1.597686203984221,-1.647762615471433,-0.21080784516943968,-1.1489553072044465,0.9276019788332669,1.2543433942042206,1.0265934653674067,-0.26041929761809757,0.9774104285770729,0.45485424476592096,-0.15927506367239902,0.5976811742152959,-1.7910852742891428,-0.0608836075254697,0.26301295698216215,0.9366017963061103,0.7135696165136848,1.034648422173651,0.42212658269932785,-2.0890549446353077,0.34041506726478565,-0.11398313480738712,-0.917547525498439,-1.4244636199546241,-1.377174221052554,0.3914586798832473,-0.41067377132598637,0.6408621256798647,0.6894396180628749,1.4794843408139868,-0.4133830558149336,-0.8326466083650615,0.1860215318734675,-1.1908362493778861,2.1812810304581913,0.9411902171935238,0.07652504048459509,-0.27817151120247396,-0.047256836181675456,-0.7025605725020662,0.1220087705012768,-0.8983984872476666,0.09367652083941619,-0.1739445171850258,-1.266811749781948,0.8394240661906767,0.6508030773542014,0.9176623437021523,0.5494251186524212,0.6633575384126449,0.15997998776508027,0.5150300621875414,0.21507490286275543,0.6578784689557162,-1.3895932619376103,0.0867237548588681,-1.3879386905909867,-1.1278862816445347,0.0689846068787366,-0.25990929705059507,-0.23418208452992284,0.9686632670479531,2.721427571855571,0.16177799648423638,0.3942330436381191,-0.6361350754423758,1.614931625500609,0.38203626259140255,1.1604393854362407,0.7100461386300474,-0.35922367359528096,-2.170815921617967,-1.087664006766183,1.4298278706529655,-0.2473222024598597,0.3518077638990306,0.5190959991852112,0.6725939728442208,-0.41965479271929285,-2.0243185055232633,-0.20959122177852094,-0.8424294101196363,1.0780751109054267,0.003270450374530864,1.6824042935086465,-1.2995168204000458,0.9233850885247233,-0.0046080631367147445,-0.1118051190284485,-0.8588028980741498,-0.4156838764263884,-0.9573645648686644,-1.2154525938665806,-0.08353023130509339,-0.20197991216042713,0.6932583331454972,0.14141745705581615,1.804717019801358,0.08688583594804554,-1.3738413781738608,0.415916383594231,-1.1263010258194743,0.9471729606257305,-0.5877237336294746,1.0233234654115102,1.3300874013584914,-0.04353039968307878,0.7736148500414689,-0.1512722348171596,-0.264653450546624,1.3111469621159628,-0.04655175613521096,0.0428992098991968,-0.2776503266371607,-0.1812415043734489,2.0792953342763143,-0.4987712789174527,-0.6966219140947582,-0.006170665801093043,0.5874872136935138,1.1386841136964216,0.4824219322745393,-0.3206274438460669,0.9051896419001573,1.2049482326702843,-0.5323181145034874,-0.06274486833728465,-0.8082939188325715,-0.08322613514830841,2.39765069536943,0.005727675507233359,-0.1017879142167663,-1.8767693069904643,0.06026137021971557,-0.8191643214827407,1.419720166371631,-0.13008193534944262,1.1672840410597793,-0.6997546744208233,0.33466789842399564,-0.9883731907878428,1.1917083457116446,0.20367259052857822,0.759025738726863,0.940882561136193,0.3752026919113502,-0.7545053761411932,-0.7250136263072012,0.6842112938015096,0.028189853891552392,0.3013257083138968,-1.190872432986071,0.559232424000573,2.593158844779697,1.2691841871104284,-0.21675394298026165,-0.5791922075029328,0.8388146238705071,1.573776624911183,-0.47748991094888477,-0.125615132801315,1.276759683604656,-0.776340320914408,0.5243641247886938,-0.09799005167545309,-0.7617638812202986,2.0448626353591064,-1.101169714096992,-1.2693084690056196,0.11430070204443514,0.5473387795213508,0.8791529909162692,-1.141623648830585,0.2906449253384422,-0.5121649360255806,-0.5503493884929492,1.7564122136824505,1.6725805908699645,0.42864230283248655,0.7767816426234726,1.0819711419059657,-1.5570077188337903,-2.0480190134718015,-0.22370772742709635,-0.6157341301321114,0.3040944798135619,0.4806586080122972,-0.3590470949447832,0.8990238521888039,1.2804985021999526,-0.6100675193841167,0.8417245335658963,-0.3651206804234621,-0.663931226601691,-0.42192687517933547,0.227114862793288,1.2922751246574482,0.2439094240867626,0.3703932430093357,1.0439933257874403,-0.5876778272136057,-0.12936036559258066,0.7812844105068633,0.5218272815031567,-0.3814064742524741,-1.8028578697796125,-0.07316378578845795,-0.3466658763730135,0.12003761948873272,-0.8654484947984888,-0.832011211551053,0.2893157757741409,0.9082992937679614,1.545890621819236,-0.9644533970243038,-0.6279957498859311,-1.3355469266642208,-0.9666565205440979,0.8588676591217604,1.0084815730542722,0.4669706647007344,0.5570228223929559,-1.0909876766950894,-0.018942224978474538,2.3330441083325097,2.2148135995798004,-1.5662287480909862,-0.6146102641553426,0.26984439753754597,0.6471886351682665,-1.9386049337650177,-1.2034735920644555,-0.8150584809079016,-0.5337070196347615,0.2717199135691421,-0.580670765215751,-0.7494483187572473,-1.3413990078537077,1.123031075631026,1.140085120046937,0.4576789020163876,0.9096673758771492,-0.17512168859500235,-1.1768826597770854,1.5583377579004034,-1.0635175999235367,-0.8946360211137391,0.1645425797153027,-1.4111383138609361,0.1057060930969591,-0.033485171724833125,0.340471897915795,-0.6917067182573055,-0.7801751136238103,-0.4196504980294271,-1.0445851766003247,1.7852511356980976,0.5808550616397863,0.06126137471088078,0.47361755889499996,-0.23606783308438173,0.4873587284179421,-0.07698624258906075,0.721582360614749,-0.19110672256872668,0.30060852421022277,0.5929323323349497,0.9830864369809823,-0.6073716809689069,-0.18382183164998428,-0.6590786200789374,1.34741024665969,2.1364994528529437,1.6366040986222374,-0.11141407375985349,-1.1014781407321952,-1.2675684781248913,0.03224479756234579,0.7216800736329438,-0.07502330332658641,0.8407209443168988,-1.9334183568744876,-0.8029808407216095,1.125014388992462,0.7666885361308439,-1.5337103594105599,0.06169945869033701,-2.0286274477762576,1.2553856056593293,0.4264097127518532,-0.9507250866997516,-0.2513847424816879,-0.5467208867674632,-0.22888990966294417,-0.8594001125181425,-0.8273522778694521,0.9858965858657213,-0.6709897665076819,0.3249284860778024,0.10140185405325326,-0.4052466168512746,0.9962158027531118,0.5370316730198493,-0.6162905725054564,-0.2868128174250423,-0.3645594019554102,0.1941704682986182,-1.1107176351071817,0.6283452356719292,0.7422022443127041,0.8307540266966241,-0.13765405566717007,0.5455329097361993,-0.16779932468015124,-0.5617679514177198,0.5658017648685415,0.5901542706505178,0.42658164151598643,0.17943065114398707,-1.0793689407259495,-0.4568041643499311,-0.9525232661857495,-0.3820734775409649,0.3372132165492079,-1.3002066537737138,2.095192771720492,0.5326969612193152,2.4160080567624966,1.2826033033419564,0.6180959108395272,-1.055793312251759,-1.2234351952346993,-1.359210827914089,-0.6703946696328961,-1.5802881989945177,-1.6174221503698893,0.48831330717951604,0.5147902293785073,0.37968584109571735,-0.568532020759907,1.5256114315204286,0.3249464249236867,0.40931232195935424,0.21763863365384997,0.13754344910034272,0.6942578073112384,-1.0436502352915584,-0.7112212572907171,-0.28353246529012543,1.3909444066332735,0.9129784007297669,0.8589206210899795,0.7172312823063852,0.4544634223271282,1.1509852922382748,-0.569775514703906,-1.1919090116221995,-1.637730972205027,0.24537549716899323,0.34621932256043725,-1.6063137614154293,0.2245679930669171,0.3175566369357295,-0.4995948467043671,0.44887706844684505,0.1571742526932489,-0.19571600410390225,0.41593266037203147,-0.8401668397106331,1.2081380693060062,0.6673036591553768,-1.8647033177792256,2.5885582018635565,-0.6805848383036104,0.32957956053502563,1.1653624385345926,0.059016525810136694,-0.5712353798499133,0.4694545499141782,-0.6314904660246204,0.26440704026456086,0.28387433098501214,1.8619021477835382,-0.4933309973331888,-1.48517148669283,1.9011349234605648,0.18679435130428781,1.6698362475690731,0.7208347992764178,0.7358950339272986,0.8969756465448632,0.2682926789688164,1.5815202709746703,0.3240403157209438,-1.7066056722923946,2.459573251990536,0.07223270245484442,2.626599942404168,0.7827350888565381,-0.121708334895127,0.6187185160245106,1.013439189025063,-0.10413730708013046,0.026089184082081936,-0.31662226453513126,-0.4900849403675803,-1.0431768926100027,-0.8585106950739415,-1.0612496350433005,2.2149435125955916,0.5486248768314137,-0.7702693347077497,-0.3087535151854594,-0.8102612014831253,-0.37345073688382635,0.5155955807954581,-1.1935647472179278,1.2079565534694885,-1.4864989977783707,-1.526319434069033,1.615097146394852,1.919719477945714,-0.637327523784554,0.19169067861289088,0.10967052713131441,0.6309568139362324,2.295898524859421,0.14289408524448788,-0.7640306130140159,-0.3927420318403424,-0.2579237878764358,-0.0927242352141704,1.0399205322819944,1.0992946792419953,-0.04811516705680024,1.665090171464511,0.5934521165646319,-0.01642994565913802,0.20656027298059343,1.5226625054405716,-0.27536478870911585,0.19734393379264875,1.5387588537432246,1.0860180753057584,1.0291185590488463,-0.48743867820056486,0.33380390052592285,-0.5857482374587591,0.31731645703692923,-1.4324250467459756,-1.3664787758626205,0.39044748431360615,0.7541271179834521,-0.626022994424309,-0.015821309938370304,-0.5307284083069224,-1.2816103047367065,-1.512300733159171,-1.6049792207320606,1.088361906563971,-1.7654358829567107,1.009254471912504,-2.276163802991091,0.1096670707022278,0.46832506803866075,-0.5218959616992617,0.47131750639882725,-1.7303837555046153,-1.3865952251381721,1.3917043625964824,-0.7071164932974867,0.5819233992577411,-2.553019148861798,-0.6229030636748913,-0.503134317178569,1.8900427981461603,-0.2457242777725422,-1.5655277186242922,-0.16482341613215018,1.0779656390455512,1.3196821710752529,0.3949198747832798,1.1905565584559767,0.48069827988083946,0.10554697645055153,0.5289497405183434,-0.4954429755725197,-2.2093488627276705,2.2762552358084793,0.09274951110472349,-0.3437336031440456,0.8764963312769433,-0.7735840530402995,1.1276099507291333,1.2405520028897163,-0.9684091413017578,0.7300286310277648,-0.7748814172892399,0.12019271119249038,-0.5003488110220606,-1.716350410376932,-1.0870235001073298,1.149907774586512,0.2090502713553937,-0.5314226277948215,-0.36784187930598516,-1.415772773528054,2.3033184609486725,-0.745856239420699,0.4021247574937998,1.511911266081793,-0.6926085243133173,0.04754593589881164,-1.6535811717199898,-0.5932288946706228,0.1486941994354811,0.020345470225434627,0.9602982585928971,-0.20637188648134966,0.32645952103587306,-0.23272863747497113,0.01020806560208356,0.20314232205501156,1.4103581630103033,0.8301404515669667,0.24066240380388307,1.0716822850715673,-0.8197962904562924,1.3008601468647847,-0.1650190579525221,1.092087823384825,-0.5704108847913488,1.540755142460188,0.32566862577695616,-0.3424063074890917,0.11542980809091385,0.37043757873662403,-1.7591610556180903,1.040541052521189,0.5653002809108012,-0.05541951765352233,1.3356655781370375,-0.176033451935121,0.7430932830791938,0.9068494923861945,-0.519517267472218,-0.24301218052156942,-0.619503795966738,0.0958406815588875,0.6754995616254282,-0.570814733742292,-0.669914770453732,0.6056031371912899,1.7576933083935005,-1.0020456390323373,0.49897887979819766,-1.2105544200992633,-0.6676483409513033,1.0570600141162878,-0.24830727151660006,-1.74084963970821,-0.7267230466884711,-1.5192981815065918,0.3428481511746846,0.325994019047775,0.2381038579700408,0.879174724200906,-0.9708379688480571,0.2567110809647433,1.857213758063596,1.431467286480465,0.936219911792562,-1.0317990354048112,-0.27390745516233705,0.12720217725834143,0.7486101367661985,-0.4269520805620889,0.1097669998539449,0.752207164918566,0.5163601930123823,-0.6322924749455743,-1.4353770882364887,-0.24080508839789108,0.3565775096217322,-0.029925864034985886,1.53643585812115,1.2517485510000161,-0.5274154483911621,-2.029533321827807,-0.79890698262619,2.168887390293173,1.7636304423535465,0.41325097498603275,-0.44602160656470086,0.14302389971349777,2.001376303690416,-1.3781660847852941,-0.9271955234895843,1.4021630232971778,0.29764415538508426,-0.9109262184758595,0.6911376434549726,0.9586330558864018,-1.2013934117692775,0.051958734678956384,-0.9233930719318785,-0.2086875392433485,-0.35634366137879875,-0.6018601901677259,0.042966579075130504,0.9971315650897157,0.3505429745252828,0.9998532684561882,-0.48101773454106006,2.3353445343688373,-1.2652600105044878,0.37652608704239554,1.018531911448999,0.2818556774790415,-1.013653498804156,2.505809412373096,-1.7473444330585826,0.555126937803367,-0.8391350002618612,0.47559271555086885,0.28250401276056,0.024879664446034757,0.11277967846681854,-0.2843451854935088,-0.5513721299328563,0.5168292448961009,0.20435686034571607,1.4779912369493595,-0.4826561274420839,0.6402251593607458,-1.2309304407412565,0.06889957527107489,0.3329128330348852,-0.3419081756556839,0.34497828198272507,0.5229887534320298,-0.8819660741027655,-1.033397657128679,-0.8395981055940962,-0.9361767899319885,-0.1499981110873679,0.2605637650814905,1.136700273886878,-0.2465486956350886,-1.9263307784186174,0.5253251164690876,1.3715211549031885,0.0128622377104664,-0.07737636703279512,-2.408350671679947,0.9638988312537229,1.1724454004415368,0.5832427910111995,0.8206875643364334,0.2855031587888442,0.7810372090580187,-0.5857474896340805,-2.100079474769432,-0.11518329887587264,0.2629261163978098,-1.2255589417334642,-0.47354707669266055,0.5654336032668172,0.8560317541597948,-0.7587572199255973,-0.429503066328147,1.2735163674291115,-0.06962888354985006,1.6171228843066099,-0.14197043256340589,-2.015777186155539,0.6306623368863631,1.1333522193487156,-0.14450814816102506,-1.2252475943997496,-0.5373460809773789,-0.6657725449745758,-0.24708268864370303,-0.005630980621394052,-0.5065249462281992,0.6248781713628039,-0.08183114744100349,-0.6069493137851651,0.5713939951658019,-0.6976836297259992,-0.6390716490565497,0.09038403834212824,0.34212090841740067,-0.3999962137413498,-0.011583580075870525,-0.33501978447744174,0.28786957091992516,-2.0312490840206743,-0.37803960395557085,-1.1425930482616504,-0.4019896996557435,-1.5150620917080584,-0.6283016661273927,-0.7796383874981512,-0.9804408945505112,-0.6796745621599337,-0.71802389753088,-1.2879674073828264,-0.5258244048643181,1.0804708258816076,-0.37856854314543464,-0.21477535385923383,-0.334734275596705,-2.4111534122607967,-0.5943386736389771,-0.6428162961564792,2.22164976241767,0.9381005597833799,-0.2717511934966455,0.7221485925888637,-0.17744849552121847,-0.9547580324180871,-0.3493621472666153,1.646750348295527,-1.1519942310023543,-0.4393859706181097,-0.9805207173853457,-0.901986437573106,-0.770714731086642,1.3380232635050224,0.7795284013390501,-3.444866451764645,0.8399321572067445,-0.7300885623613633,-0.3896103010500903,-1.7378396425523404,-0.20052365103013947,1.2037378864503072,0.27625099302094963,-0.25292550541999226,0.36009747366984063,0.35638977247864234,0.1936883537835439,0.5291692134212511,-0.3602036397202597,0.03175169347444282,1.9849207999361949,-0.10198069356287069,0.2393405546003289,-0.7086426812031805,-0.8650397390734916,1.44376349953606,-2.7369123197927028,0.010091374190917456,-0.3637026113099026,0.10916644717909235,0.07389980416595414,-1.4870475868912134,0.4945758247772549,1.9064629996430515,-0.17856451799420442,1.0579398672240266,-0.2741206397630883,0.6732505572271906,-0.4598710956820279,0.2495042107846191,-2.0310459638791762,-0.3183484166948121,-1.1877604827762884,-0.45406523159025364,-0.06996806440345447,1.5219191658163336,1.1672095729983065,0.1081087296522081,-0.5210921207617983,-1.3982704293822814,-1.2019146121945024,0.5700600178773091,0.9429981098998995,-0.1516391362379298,-0.5877820412600906,-1.6008811157880567,-0.2698430882145687,-0.7138324184645992,-0.4981063066003726,-1.5549801957774096,1.0309523630925381,-0.1814841460725784,-2.654639765922082,-0.07560339417937093,-0.41432685946683184,-1.2818002382404763,-0.9930433221495509,0.3619481472817797,1.7152733057875884,-0.5044793488240465,-0.3392591303925176,0.7027767044904514,1.1327203446786225,-1.0660692571282655,-0.6910273385796871,-0.6354739471033152,-0.5110895166016349,0.9585548938634841,-1.9649776606956881,-0.547242511898589,1.0772805807347148,2.3126489506934402,-1.4964263112420115,1.394681090682718,-0.7133351065398791,-0.2745819616492938,-0.7496974469719746,0.6423705096331018,1.026534348025524,-1.2106638418914437,1.2053678704939566,1.7863730029159686
0.8526810820182296,0.5928640329809947,0.06446967920136328,-0.3626422342938729,-0.5548413447144234,1.7922957412573925,0.9559447046536119,0.2372860476335622,-0.8499939853323122,0.5912638225129234,0.3130256806025191,-0.6369778728509623,0.3373485049357623,-2.0593797855075113,0.9200546563319794,1.4367880977217418,-0.49588784196785257,-0.07335488576693262,-0.06419625872954675,2.1832116661044028,-0.2126502599134784,0.1397878337874939,0.24665374921386904,-0.4702487500650428,0.3442573087162294,0.07755524457383729,0.14547152895658128,-0.785253102862854,0.01840159679368021,1.0922891388430402,-0.46280051652790977,0.4407879801551514,-1.207001958966295,1.4327828868053347,0.20324422188920868,1.2403084133182947,-0.4069519710707768,0.1900481056068968,-0.02751945210095487,-0.26483978303139893,0.16413089097416572,-0.13091634272668518,-1.634834741821637,0.6125275078324487,0.9687640171141536,-0.8274687521546316,0.879190706216237,-1.195911599938919,-0.5171902443975408,1.1435124994842918,0.62857330905994,0.39363636326423435,-0.34500550015616216,1.3214755926512043,1.7847014511226178,-0.9636233442612283,0.8613911845668701,0.17132631682673174,-1.7040642435645112,1.0669751279391393,0.8949773545130124,-0.007678989746763515,1.2128073761729155,-0.5764872389123455,0.7748352080578909,-0.26696747132606063,1.50018411752314,0.43286192577520655,-0.5208418195054965,0.9211511536045265,0.5223340368472782,-0.5210689535515739,-0.09066784367546206,0.07179149335713628,0.48095978254354443,-0.660913671652401,0.9187886296066456,0.5257313455260029,1.036087149005482,1.1671863151908919,-0.7508718820369483,-2.2836413837325558,0.062336065510715216,0.6448568509356171,1.0962996088325958,-0.648211023325748,1.4498650591677655,-0.14465008916581065,-0.5846225308432517,-0.2466267895129996,1.1382972361597072,1.1261626896377273,-1.183460801366685,-0.5305904267710353,0.15233992823831433,0.8477902454509562,-0.7716011073280827,-1.5774380307750844,1.265597216214617,-0.5245031216880282,-0.2530181192299349,-1.1830844091914148,-0.868926604237544,-0.07587876989280867,-0.854123735948265,0.8181888441898586,-0.520207547327998,1.5435123582158592,0.08414259573012876,1.0503504641543522,-1.308546117133788,-0.5172949970869759,0.6853983957728019,0.15912723990012503,-1.6502594781007716,-0.21725714426831522,0.14081120175780087,0.953945709332432,0.9228973801633059,0.904778558177677,0.02412252984471071,0.5538637823733046,-0.5686538637967995,1.1059185673953662,-0.983639548674541,-1.1898213846042578,0.023585754435281374,-0.43876795271120805,0.3402322198800976,-1.1310200970520656,0.8260898489253846,-0.41914035943515177,-0.7297398341523093,-0.45220142359054283,0.5528435242812895,1.2216732572707603,1.5094556863046347,-0.29015535257036124,-0.0941221290598338,-0.6059996689755438,1.0766305159913265,-1.6537870446340912,-1.185543301643895,0.5344029933938499,-0.15768583559575297,0.8010271103482529,-0.38569361358962,0.8485365090028077,-0.12237245039489707,0.9244782430513607,-1.4498570408669291,1.4870283050870237,0.2665353684768105,1.339499119943518,0.30730144142794086,-0.2950663998047422,-1.2014786477328532,0.3840787863315939,-0.5286342196099775,-0.16032686150866068,-0.4588540781760248,-0.47531480492153605,0.18723677912119113,0.4856500765635676,-0.027466816293103817,2.4465953377794163,-0.10816184961278372,-0.8413707820434437,0.5082747115010073,0.9768706485577935,0.054400441477581066,0.0895804691909436,-1.3778394567892125,-1.2852146018721227,-0.3559276097092749,1.6074526743450932,0.14755563716581,-0.3080260290766482,0.37339363739989756,0.13980817380121816,-0.3551845196329785,-1.2755858014276282,1.6808342398053606,-0.7440128976057369,-1.9781414584286854,-2.0528956144437047,-0.8128427285441007,0.7653355296779097,1.1037792640572008,-1.0335059348653182,1.7062804235719742,-0.03399221402238727,0.21589368767306907,0.016205364635534736,-0.5614451287366857,-0.3407375026000447,0.8171091002202269,0.5280527524521773,-0.663862216616774,1.2622002657962654,-1.645613304645232,-0.338702101512995,-0.35949141637694015,-0.49836887491470827,-0.9815270170803136,-0.03871754997962146,-1.0338885616217344,-0.4480287580592424,-0.1463490441616851,-0.830041439848763,1.0555312358546474,0.8752028724824101,-0.5017584988683403,-0.03176961026595924,1.2919391986515578,-0.8392935328829152,0.8816741238979903,-1.0095747209010633,-0.19599938821338972,0.8188544835196085,0.8827383869852898,-0.47756272958961926,0.19357313525120512,-1.1397389701149023,0.2455735249111383,0.6294330895174077,-1.0240384856857574,0.36553295815342585,-0.9412384427350156,1.5683637081101667,1.1501455258244808,0.1938706414910603,0.6562455755377623,1.5236458203832168,-1.7263578390680248,0.6340857799354327,-1.893870373040224,-0.21500246759496439,-1.718262337013153,0.23493238516935488,0.43926710489706855,0.05693053858974104,1.0251564431185676,0.6450528092980579,1.4206762886096376,-0.8947299435538393,0.027957312804776244,-1.3241732740765786,0.25616150764074364,0.13873436768575811,0.020051580118711283,-0.7683533491202734,1.130337168975388,-0.49256557709343357,-0.9763727139808622,0.35635064117466814,0.7458772107547792,-0.9151572961019476,0.7877632108046,-1.5037753497194073,0.44366299691107897,-0.2947294114318194,0.904235478266323,-0.37860124806851075,0.9319814116336885,-0.03118861776220111,0.9278674340239885,0.05765140378148627,0.16880415368007756,2.746199394349598,-0.6434908402875836,0.8519894147402111,-0.35540527577066955,0.12592100090498415,0.39972620439746037,-0.49988039264697703,-1.0635259624269415,1.3781224335876676,0.3364733351874937,1.5947140036015266,-0.7727237805594911,-0.9634185475095998,0.7580769738470171,0.90811208552318,1.1889582078184813,-0.5089594485324301,0.40561993985181555,-0.7513961475331924,-0.872822643432957,1.0808153476336653,-1.4577439160696946,0.6027798669403239,0.7692087484284523,-0.3732538761665439,-0.20522235864875452,-0.843924543076733,1.9743839384755093,0.641492154783356,-0.2689215987044097,0.5917007332089552,-0.8873787076366664,-0.47667928485712774,0.9017903845503658,0.9222303233912261,0.7564683263233392,-1.9649892522728192,0.6532445988285493,0.3522812467505233,0.630792148695056,0.440692327902452,-0.5346560793065742,0.9983781558168631,0.8895936461966883,-0.35482771209887326,-0.15435001537096407,-0.13408729914258674,-1.1667387953126258,1.961056977466253,-0.39581246885963517,2.519628736720817,-0.2009940429756899,0.4809264934693128,-1.2938968748238155,0.542907120250896,0.0004681898982232861,1.798185459835953,1.1053549192433392,-1.3233731872663874,-0.364614018722754,0.44335427128273286,-1.014248871301295,0.9903592974056734,-0.31762785141109395,-0.007897570863716527,1.3064667482351406,1.7400056689550691,0.02324109521341847,-0.7477444706937066,1.1146898250838841,1.2044541324478328,-1.0935155964542786,0.5832945359355817,-0.552302037253545,-0.05130378526061368,1.0285661631570457,0.9455903873213717,0.2812964505333819,-0.5115846074200151,2.1901281213426667,-0.6852392528492458,-0.7568643792407052,1.134781799121554,1.2604178104181731,0.5069228727256797,-0.011257475202829142,0.37823439919044827,0.25216119547720806,-0.14323850244955663,0.3336397251709183,1.440283192534377,-1.447272895726822,-0.37099907959283707,-1.3808384781790477,-0.7438610308504304,0.21926868203687458,-0.28317244622444365,-1.673819735427874,0.5470229208527057,-1.0961466123501966,0.3431210856784429,0.1405623285192919,1.434334057628486,-1.0835236769305945,-0.4597839855523878,0.38701449874252947,0.09444065505933628,1.6118354001900146,0.7166169949323375,1.4376411697568057,-1.0769571664157886,1.6670815926549194,0.7498479771657649,0.8992883427800274,-1.3582246400183409,0.1429226161893367,-0.5700847799345503,0.011160409137307998,-0.5947218350987001,-0.2750707046497309,0.467219836990261,-1.094182553546701,-0.2329447558826272,-0.35310500722395494,0.6137573685940922,-0.455758240219045,0.17862201650041698,0.35747922090935325,0.3770070526815259,0.10417698090297543,-0.09934459225707322,0.5857899500038203,2.158554974228799,-0.06310040083357804,2.1523356779685274,-0.6895568193706036,-0.35501812851272585,0.7088183216348871,0.6657480350884204,-0.7677385400387081,-1.2560510138235321,-1.6150616324109452,0.8875596535901906,-0.2844697963386433,0.5658659919047465,-0.3748250896581012,-1.690166215058447,-0.6362082393631403,-0.6069721415973259,-0.41299887222389714,-0.1242170117427882,-0.1342370707545498,0.47504774007071754,-0.8359347831198308,0.9970869072680865,-1.318521299459298,-1.2230085507226105,1.1505389014666887,-0.08634171059983219,0.2169862110333585,1.0425548373835172,-1.0407641590834105,-0.36664031026995214,-0.5359205287838607,0.914044043639234,-0.07149728743873703,1.0040575144481154,0.491484751543129,-0.5152709738156137,3.0781736370594963,-0.36088880040088384,-1.4398351226886426,0.7206899345976204,0.37408865113933704,0.6418944619057331,1.0209058399576363,0.5763530614475513,1.0006206057557887,-0.8839287468838187,-0.9006708583268981,0.9209079544995522,-0.31031799408566874,-0.7004792585934273,-1.3806793458571538,-0.11960425354636676,1.6969386580634376,1.1143373921435367,1.0007794633431166,0.0747739860434974,-0.7004664881684314,1.0951326571419766,0.4432854395392306,-0.4329882063244367,0.6277418014349458,0.299459127680676,0.15547368193526573,-0.6426959413828007,0.1387481759800371,-0.50663593261167,-0.49578509535604165,-0.27462865549246634,-0.5116988405689787,0.4467549802483657,-1.3135877489366703,1.081754472184471,0.407059011846942,-1.1046180105252366,-1.4692757537602803,0.7130032754754703,-0.5298090583037165,-1.8063015160842333,-0.48084318163477774,0.030894723084159137,-1.2761687621029365,-0.5928687766595455,-0.29864943091974666,-1.1314862003115809,-1.2638590260298561,-0.43875773252475,-0.44159055631128924,-2.747324928466728,1.87456048220731,0.6633351390770893,-0.0022891231641173184,0.39980691188090256,2.0011780733147164,-0.37367724418766096,0.8759519096113523,0.2597170657037628,0.34008314245387655,-0.37865395162587046,0.12809035509801964,-0.9376854224946091,-0.16119097675842534,-2.194479346741885,0.009622671259572755,-0.08487162773234136,-0.7266363717593911,-1.0356517480887626,-0.31706536644308136,1.1504091704572001,0.6741577049190765,0.22676927208984096,-0.868374740204319,-0.5288000355063918,-0.23927627089465936,-0.3187810424132087,-1.174162719178738,-0.52734031871047,0.05414576517563717,0.546776587060378,0.9745129634311139,0.4224294459202776,-1.2242380992857989,0.49821764930134094,-0.5637704258956977,0.6776301411247292,0.06312213564359119,1.6399191040671364,0.6952221585488714,-0.8335718286410065,-0.4622016711417186,1.6253703879423482,0.8844689179143401,0.6410533799499909,0.2313441303301659,1.3022652641167738,0.3297987502323975,-2.012930648356988,-0.40803832789851224,-1.8366399813940184,-0.39964582256636855,0.1854978369923024,-1.7136169841046287,0.22200666752893358,-0.5089878915234581,0.7953095125018868,-0.2832527046390779,-0.7148785925716785,1.7440709019046237,-0.21159781165091535,-0.22191939163938107,-0.6577039018362355,0.11884517638138857,-1.2463828309501546,-0.3880743479605253,0.21541851745148774,-0.2460271876590363,0.834076037938769,0.2718205437529779,0.7775228583330515,1.0181203088332422,0.027350274599202955,0.7856513859159395,0.8415017948320627,0.03555631046704011,-1.6771337900201446,-0.1566121913433165,1.443182141164254,1.5863404905591867,1.5985842221306967,1.9015817930189738,1.2240099164308227,0.30653220945335335,2.6838827401115046,0.1124156181704233,0.2922030169302966,-1.1745415418543785,3.2618642476310074,-2.2178970670148246,0.7015401143321476,-0.695083661430573,-0.5280537757551229,0.14436421187869847,0.3416749897775078,-1.0948304005682603,0.5688413557017973,0.9120953978007498,-0.43825147097196704,-0.21982800773039565,-1.2764386509252827,-0.793763701432106,0.8163077381450154,0.4690760168501923,0.2926100053852208,-1.8822411927404994,0.038813602592188884,0.06509413872949701,1.9763632952750174,0.2637694397754155,-0.10177326483025059,0.7724979712051465,-0.6658500746771536,1.0239487245185548,0.1526962893916947,0.7475155813593317,1.2234652822462466,-0.8024024288621242,-0.17916839931788975,1.8317014036299932,0.27302836563289923,-0.41901425741215725,-1.3188967100603517,0.6905230160228858,0.011319260038913712,1.9883918530349072,-0.37739053309573833,0.5316543034602594,2.129931872233238,1.8652917911699998,0.5351048095718994,2.090309717695662,0.3559552841868665,-0.38755715018650894,-0.3566629761710296,0.6054905659940422,1.5368834847399528,-1.2481272067514748,-0.3195975463531738,1.9639349755409539,-1.488981471895356,-0.3966119647139717,-0.41377257239599274,-0.4258168951001418,-0.7301502660975855,1.272453227869675,-0.4916638802922474,-1.3605452041668389,0.6768987268138057,-2.048036631175907,-2.2563815223456256,0.19667008684714352,0.8216057272620743,-1.888016839277951,-0.9603304004382899,-0.15318419216787563,0.2964576158277717,-0.3944705817805089,-0.11250738953408194,-0.03730072174744241,-0.8696041745707669,0.2558909412521212,0.6363436803747549,0.3490971330173182,1.2552555225338813,-0.950647080040422,0.29167014137892383,-0.1727212835171149,0.8571196640435711,0.25495921160942026,-1.3747157145706943,-0.4937893269952939,0.006444300067047204,1.118619705244581,-0.5774081847592591,0.9353348239502299,-0.5760690886385875,-0.6836185344506528,-0.33408526559010165,0.17323488630264455,-1.5921797979755696,0.7479201884193688,0.12243025067793599,0.7553093750363522,-0.5207185971992201,-0.302991108984044,1.100558811374794,0.3210591607769409,-0.5942627210250945,-1.3724217106329246,-0.3320648689835939,0.36870560810901276,-0.08109900115558705,0.35824741859045744,0.5266331531333359,-0.19635151621435853,0.3860411617578858,-1.0025401658517503,-0.7343681864834779,-1.0526181938388026,-0.3463365764442401,0.9867363213919135,1.5002473836935415,1.132017824145901,0.6703909544746041,-1.0217430468728521,-1.7298102601092604,1.126541025557903,0.41126550591197897,0.3685997035843193,-0.5189164713518296,0.9335496408245069,1.2730708294940376,1.0767485503600889,0.4146056536887574,-0.9388617866295941,1.5566106422569148,0.982644608567212,-0.07948949847853701,0.987425042968545,0.5863176531779403,0.14561234358027633,-0.441025227423926,0.16144991352289526,-0.2251959456913796,0.7634228188588902,-0.1441253574155541,-0.4315659352065607,1.2980039276706314,-0.1879669388757847,-2.16903773651425,0.7896507440162344,-1.031618107771423,-1.6272455974262314,0.2573837589817911,-1.099935344476279,1.4339272352210293,-0.7612157185952872,-0.14103410229182292,-0.009468561168442274,0.8906715831574394,0.0016629274467007725,0.5545472897510739,0.1455697186426608,-1.201468870465546,0.836972564678342,-0.11939547784499657,1.0114384070445415,1.6846072320475556,-1.187257389219812,-0.5171024596615009,1.074057351589528,-0.3866131538436326,0.36808748919554685,0.2247155416511116,-0.31161614977088475,0.11371574218891241,-0.4364372205353948,1.3634513032969697,2.2816780362709985,-0.10137180439967497,0.22056855674987316,-0.02309131625028183,0.23499898869256247,0.1509354028069458,-0.7369654179926417,0.9313820264468385,0.1531229676247856,1.558684187998546,-1.4192937989518524,0.6466716329057522,1.3942550625829158,-0.4429067150149695,-1.2080736250802662,0.4334468658255324,0.20587747676602264,0.15313062065305666,1.5718947528198943,1.329561458714836,0.7999981072591437,0.08810639855321832,-2.1359149580712926,1.1459024618729838,2.2243815858700193,1.012475221505306,-0.14288277562902016,-1.0587613355863017,1.3091000229038376,1.5184070688128852,-1.3302589312942283,0.1933863078815508,0.8901461424037841,-0.28270391827882163,-0.390376506700303,0.5495944493386508,0.8695877927448696,-1.1399297765396896,-0.48336082757589355,-1.3469090194116555,0.4807735553022429,-0.7008284134486027,1.0899896494928063,-1.616772634028348,-0.7541891713743802,0.8188231916482313,-0.5310505702293375,-1.8849774070522292,-0.36847297773219123,0.7779214231693167,-0.013154145378494075,0.8264375143193275,0.40896364500907906,-0.8876742155215352,-0.3601286457874753,-1.5360471374436784,0.020242347216960686,-1.6543089491485616,-0.5206642518421774,0.014906867870143711,-0.2910622256807867,1.0792425879920493,-0.6008177761280947,0.06074346811907269,0.5305379803000145,0.326894622423068,1.5635444665620857,-0.3201750158963268,-0.5469697465186435,-0.04459720363806774,-0.015298741858482392,0.2890991288874316,-0.03120897865498948,-0.5519709281155152,-0.26697842473753947,-1.661921227506341,0.25924475484441495,-1.1139947766468477,-1.418082544137401,-0.7287015486612703,0.0359557602425009,0.13496565958240858,-1.1957275433706716,-0.9483301695404038,0.34956717399500886,0.6762046780135313,0.25520257872589713,0.7454832971617754,-1.3394697222295624,0.04566728550809322,1.5431447810435164,0.18300398128863535,1.177873028286182,-0.050903274611952716,-1.3409117058921882,-0.6936841102416494,-0.5389800225773893,-0.3150399856725719,0.0020268359815077634,0.451298402965638,-1.9112766625623439,-1.044663353484874,0.7721839655406948,-0.27267881868495414,0.2361174558660254,0.17026259787697037,-1.0302569522634983,0.8676366589722145,-0.8632785887687471,0.2676668852860667,0.4862485542379022,0.573288091224278,-0.2109542622446838,0.6427581997543519,1.2281263641492277,-1.4015883219792473,-0.39266617270641707,1.201070443284891,-0.06869009316278338,0.38421763317762286,0.19933004848721786,-0.5060945672366941,0.9386311047661848,-0.9981792695760205,-2.38901607819178,-0.9971233861927108,0.4900989542196144,-0.6540272865476509,-1.6117925301981775,-0.553429536247698,-0.3820742670903961,-1.172128959080615,-1.5899267364577632,-0.2634899748348049,-0.35592211880275404,-0.7662756283706648,-0.359045393214209,-1.052000188373064,0.5229903609042008,-0.9838505600133134,-0.6245461101606673,-0.42128156267219713,0.08081271451638232,1.2685501543575826,0.1750171893503573,-0.21296516436781995,1.1512584194826685,-1.0425019614399706,-0.3206652226966407,0.1564606734187256,0.29415924428404977,-0.5280937509538768,-0.050738595949088555,-0.12043460227226682,1.0950547309768415,0.0060367744948319115,1.6139999666288245,-0.4286557562252523,-1.1701412814756778,-1.2025332361211254,-0.22192044390546375,-0.3288367469990926,-1.4139888979448614,-0.01564956975970597,-0.23205943421152947,-1.8646216489371066,0.9031878920474841,-0.4597504797141498,-0.9337122553703339,-0.46202270934317574,0.638347514685821,-0.30293087980326944,0.9417324847086278,-2.0264237182642653,-0.9437650452211768,0.10733087394557132,0.20013880900413558,1.467080890427454,-0.6052317391196623,1.332426131176942,1.263938162529623,0.13314674284131808,0.9064113223194145,-2.6620104299373257,-1.8980215812695231,-0.5421320736577372,-2.900029047909864,-0.292271070910723,-0.5944630202468756,0.1239631717226132,0.031807172479093884,-1.6204156775241672,0.5903354321857834,0.9140959811522312,-0.8523486211075069,1.1455380442207765,0.5080019496256902,1.2142753983033596,-1.8162415541127142,0.5785736223618618,-1.0127626171030344,0.1153478755871815,-0.4684868344995085,1.0691071686960754,-1.8190974771067878,0.626147999668613,0.7062204774518882,0.6772252035537494,-0.7671865440915633,0.9850355044763942,0.34661876359797145,-0.09153493995885485,0.4899689100247352,0.40458092697896125,-0.394990110942075,0.1473156495890937,1.8272952888051504,-0.6978994862190112,-0.9274083830689377,-0.21853464920930307,-0.5194120146650701,-0.5085795351462986,-1.0227626760022086,-0.04133708304945921,-1.033165809224926,-1.1908966853243683,0.12264225372948415,-0.3655018433138811,2.543954585805467,0.33213048180889365,0.23436650225336947,1.2095992899317949,-0.13228579183632727,-0.35223549389299097,-0.2806150597358734,1.5072450107819158,-1.4026373759440638,0.6762775553450697,-0.617338675525147,1.3719374447926576,1.2548405540516323,0.6084145463529625,-0.6160100449131309,1.458536111260833,-0.7929702627108152,0.7957684774470852,-1.513054163937529,0.5306999506776799,1.1691287340334302,0.01009130394387656,1.5747158114366213,1.9941455545538362
0.7428475934414862,0.46093959182211847,-1.3327611367116392,-1.9603637193841477,-0.8740157975925062,0.17062553029990088,-0.5703547068572149,2.0412303114687766,-0.6769524146162241,-0.6841196116335381,-0.5767588804690101,0.5024956449485485,0.931584795181334,-1.0422785151398406,0.14646463458882447,1.2261431551669724,0.4761407169565847,-0.19125355866517169,0.15369928614079584,0.5299716119825193,-0.021099485882573044,-0.46737570487844277,-0.8537476222846575,-1.0296135026979947,0.18246454754096916,-1.8835389767080286,-0.4634669140976312,0.3664254691787878,-0.7049745291370966,0.9191223487716262,0.9129143138466536,-0.3423451339772063,-0.8440337737654288,0.8004990325147086,-0.21384339682245007,1.3132781611370676,-3.2314480766307074,-0.28623439507957793,-0.4970409432768873,0.707097699812238,0.9155519227465488,-0.734901472091511,1.3077563060388921,1.3680864483029502,-0.5403946056451396,1.6815476076841203,1.2527877445672388,-0.980688697004112,-0.3597701725051641,-1.308898430223005,-0.9513753712289925,2.079354762312986,0.10976783359477048,2.0039589158490547,1.2099847320913537,-1.2518100361176052,-0.23337291014035635,-0.07269427398463016,-1.3846116446636885,-0.01888488870920993,1.4338372036776539,0.2239298755363745,0.3938333936880221,0.7719456704987357,1.921331791872425,1.037103086805296,-0.06187297053794945,-0.17893627183573665,-0.6849719128224891,-0.9231377722138199,-0.06722512476028566,-1.4055125283926546,-1.0137518317819054,-0.11659040661159878,-1.0019121472830077,-1.562449871400056,0.14251353630960975,-1.525837002411384,0.8760901311140943,-0.5353135926883235,-0.11524606439132651,-2.830537381582686,-0.7873283852423019,1.4669340823803265,1.808436506612921,1.1477283587345748,0.7044357575932098,0.15057221217472302,1.5492287561822524,1.2958637564967452,1.6351576926687552,-0.17239192107263393,-2.123350795086326,-1.7695474522610353,-0.14377993345571746,0.9777990761609443,0.5372815889745518,0.6430901257689169,-1.0847351366788442,-0.9871429006035513,-1.0145480284431996,0.23093454496935054,-0.4276158900725995,-0.8523135535730548,0.9646545759559658,0.19829054330739826,-0.1579352617370806,0.33127172166409125,1.4730914792789636,0.007342363837960542,-0.04192607831109434,-1.0425863495674836,0.9325242890514184,-0.11763348473200641,-0.9652340439610226,-0.8704050832841232,-0.022000608280230722,0.6645448154007724,1.2236065182807043,1.795291376003566,2.476042951138888,0.6371298646156363,1.3673154387963564,0.4863281836846463,-0.9880463296723176,-1.3146167884927464,-0.7720517224833844,0.3337731577760035,0.5909958184652163,0.13000743514130658,-1.026506217914132,-0.2218280536658705,1.201026609601619,1.022054067369645,0.47214748161878073,0.39630556672467143,-0.340153764476304,-1.311858081215475,1.7421367389923876,-2.0868487405068645,1.441930638530892,-0.8539590300113783,1.6052511114909185,0.46503686019476087,-2.2276797631260123,-0.282967163536086,-0.4060553297930882,0.22549959259473157,-1.8871698159366619,0.16481238220030767,-1.6157982172172076,0.31043686257168107,-0.5282210738403008,0.7011488214215311,-0.6097020530117147,-0.749252396140885,-0.5366227168840457,-1.8653035511485658,1.0345007750899686,0.9825027455642743,-0.33242593738933635,-0.22787789807110895,0.23884243276714984,1.5214398089578745,0.6630359505073787,0.6593404363816922,-0.7917781656641402,-1.9721127834096357,1.101554580361073,-0.6058845151366171,0.8598392682530304,0.1602232882139139,-0.8198546991382567,1.6437620447680608,-0.44870544424319864,1.6528585563091704,1.31413716633979,-2.8008473569152863,-1.7102626031426909,-0.3477513065665171,0.2647162412716644,-0.5285969852041382,-0.3285048309373647,0.27191205528632184,2.060335275019404,0.836120719353095,1.0880205271339058,1.8378926300789693,0.2483505182351235,-1.566299922418056,0.050330108018769346,-1.5146408118864996,0.8146536844887817,-0.5136162683436232,-1.434531681836432,-0.38035359468955593,-0.5242417423626984,0.4000718289126836,0.14210652871998491,0.8294080921653194,0.19164048856873908,-0.4008967134872825,0.43576083015560746,1.0123990722217622,-0.3946118351148985,-0.8692602605063668,0.30056909293496487,1.3137500295881104,-1.6434647907044655,-1.2485704131013493,0.8628992306514389,1.4890077524824414,0.8763192315483713,-0.5435121571282474,0.24115657435994559,-1.4483125275142166,1.4032889856974387,1.2167398180584086,-0.14796289678020408,-1.3383612022141294,0.12898880068196025,-0.8263236972397626,-0.3282880393165564,-0.25068860754111716,-1.474045227448246,0.6131475923686274,-1.1744796850318198,0.47188988369792145,0.5970686924884026,1.184157381015564,1.0152734832597614,0.0317398707060975,0.21446655582386842,0.36897927257697083,0.5704103543491702,-0.8816686436085092,-1.502017392793351,0.8695642796702786,0.17521224846690592,-1.1075037551331501,-0.13677148208834636,-0.8265888854546617,-1.1968793882566642,0.63391126812277,1.8691688289437658,0.9243701424909944,0.7564411616363639,-0.517478737217583,0.3391303176391952,-0.45448307200926674,0.168020026073994,1.8084533001282683,0.0946485229257937,-0.8409859837674559,-1.2841765309399171,1.756916658851627,1.4593007716834456,0.7582334565649284,0.18887714316611764,0.9133835392574464,-0.47131948918333777,-1.7935866386459849,-1.7086849375286848,-0.939572336327059,1.0204495837322791,1.2265714178019764,0.5184601204650078,-1.8279045272589352,-0.16584662652884863,0.6848566993614358,-0.12859505528596413,-0.9233826980817981,-0.3732801871476328,-1.0381515333901932,0.16783787123574012,0.9080342522599522,-1.409157665508636,2.0758281891145693,-0.11321364603540039,0.8748426526010884,0.15563730701974238,-0.8197772856325639,0.34390697361271294,-0.96939747499051,-0.6237395462799374,-1.4759206859323413,1.8291120525970566,0.1092290450328078,0.30319443732549434,-0.7234361977708427,-1.7285011648962754,-1.2795761496641198,0.21664947689763153,0.8500429345991652,0.2728472444485642,1.629315858946895,0.19506985856661033,1.816395097224488,-1.7113573727392282,-0.8843626294265727,-0.3175379138564126,1.0027908369168608,0.8992593258756086,-0.3283331063671496,-0.777633776135465,-0.4086967098836301,-0.3213463041422626,0.19543910593460584,-0.21934207237697895,-0.7729683169660682,-0.18441439219232053,1.5274638205648317,0.6479020570500389,-1.7022213510460886,-0.1885502711168973,0.8901179328791939,0.43220364445827025,0.08797922243903104,-0.0994014862598473,0.602996775833026,-2.1249925540208876,-0.6114891346487024,-0.4164097535651758,-0.6619313492951541,1.0261321082661876,0.732040917341508,0.7027339178280518,-0.027017609228051236,0.1611143425745739,-1.2033633488023918,0.9606836980663758,-1.0889218380915022,-1.7353276588791762,-1.2906753623671805,0.21947450246640843,0.4206488449221888,1.0413577963800416,-0.8698464162063546,-0.5997024289380253,-0.5157030086721536,1.5694999725270653,0.6947266033476166,-0.7716519671783519,0.530088941483767,-1.7719592408955638,-0.8299036392166131,0.186408711249307,-0.7608081893439327,1.048884797659742,0.07524283792892274,-0.31382452195774246,0.4794745150102978,0.4668715188733107,0.5004123381466458,-0.7125031873040101,-0.8496567917383895,-0.13928605552778153,-0.45836573647735507,1.3592976512964021,0.7578712677388594,0.16013149943005447,0.9591104209753418,0.16987790733799743,-1.4984655325253051,-0.7228973854780135,-0.5906702943488552,0.30706450581628436,-0.3553030534848255,-1.0593148466269589,-0.26840385575743775,0.04409771821005141,1.9888662507406571,-0.954331023902738,0.5271129169006152,-0.6513819599925198,-0.8286081194605712,-0.02221572236724273,0.0044367766433562736,1.5968829122801922,0.9840722782360785,2.286845952934257,0.7008206732435245,-1.0775507116444574,0.16194682648584785,0.6644868386098024,0.0032834917353759346,0.3777961850005729,-1.7889636917494418,-1.0667220770861547,-0.606831314034804,-0.10896453214838689,0.6076025843975957,-1.7873394463411285,-0.28448262814324493,-1.0292639553632752,1.1329883181637967,1.0368964623858181,-1.0957427991178814,-0.7839116814357793,-1.6773894780419614,0.8167657052229711,0.46532352361123686,0.16539861245183846,-0.03292421813106729,-0.8863167812365164,-0.5782870096472287,1.6077226351168505,1.049840270125991,-0.9550801583845394,0.034002055819219786,0.552851650269529,2.1293164496196804,-0.899915191802392,-0.24561340797917983,-1.1882423666909858,0.6796544137850222,-0.009654995823384624,-0.41148406399305804,0.009931174707709807,-0.33552075445428287,-0.4750990642361719,0.2191074419481705,1.1008166629822334,0.8642842806628297,-0.04458079317522976,-0.4229219750157951,0.6858643238924585,-0.3765823168753113,-0.33339654927861523,-0.7269080260954351,-1.3704892774587123,-0.3824795785047615,0.7973818166598154,1.2373386000350874,-0.8758450281094514,-1.1296565232242803,-0.3984992373023671,-0.9947072449894866,0.8165036376813348,-1.2221492682031063,-0.3385407680873217,0.5783056583462037,1.3063584848596148,0.6102010322958134,1.300709075158768,-0.3179425720045785,0.21375216332415028,-0.7036440036449447,0.4676547758098542,0.26968065796437957,0.8188046528211746,-0.01496373853087396,-0.41400790979381374,1.144946426371876,-0.5309337442745032,1.0698596407708443,-0.6108549495875031,-0.13088914379352604,-0.605128835758518,0.5255263333603264,1.0742941157815515,-1.1974185255541685,1.3332887527104147,-1.8629928291028477,-1.7389510054776462,-0.22215971100209997,0.8609950495924042,0.6927112185787213,0.2757252153197748,-1.882929260203891,0.53441643669661,3.033888620124737,0.2556756976123519,-0.2354277523978795,0.655063349469119,0.4651105452556285,-0.13776311843196046,-0.3096626032224905,1.4502343620898135,-2.3907405028972053,0.5943363813052005,-1.1628473276331825,-0.9953358628066926,1.6297828512746992,-0.10472246121712389,-1.1341002790008883,-0.3928511986277698,0.3524010973489364,0.5073799631304832,-3.1904238466469113,-0.45215939389227267,-0.5812310475291783,0.6638709041688964,0.035887121254636487,0.1653324129957983,0.5092445831732164,-0.9391459251298154,-0.1240097402893079,1.1910555937505538,-0.25073266430760194,-0.40702727111135534,-0.4025044439669288,0.4030912606928928,-1.4712572560283357,-1.5949657060899387,-0.14402824133630882,-0.2433601829167485,0.17342988676686835,0.21885367765901298,0.707208246204845,-0.30586879989827664,-0.7824537834491426,-0.03665030976897563,-0.7357872816814262,-2.0248226746984765,-0.7148454737156927,-0.8421855472274246,-2.7212826818732045,-0.2502672849145219,0.3153851031704951,0.8909859983571087,-1.08252695547372,1.226909164859929,-1.471343151917656,-0.5555898533059721,1.3062180060558257,-1.1261154828127213,-0.2754605101286607,-1.3764369619868706,-0.04699793836843345,0.6497142913544761,-0.0003824042900675692,0.014133139024280157,0.5583881477217397,1.1616049693998651,0.9277550017065941,1.6145085653848923,0.17403869329113833,-1.5083796991537708,-1.5168377714944357,-1.2041576232261395,-0.9497246177085196,-0.6594606430759536,-0.14758239812459312,1.3742139925330825,0.1350324159225964,-1.5585413390070775,-1.1440679923098178,-0.6415679586734757,-0.009917458814374796,-0.6328297263810311,1.0399773748776606,-0.016937254360988228,-0.002338962104758141,0.5295575629716006,0.23500856785139987,-0.5463040431251744,1.220513109502139,-1.9258945087988941,-0.18916139600836868,0.5452501648222364,-0.5155823247596438,-1.718380763749969,0.9128661294976177,0.021922202217625798,-0.24054799493507112,-1.43194324966612,1.719360918160193,0.2666048569629979,0.22243008378827508,-0.3975947193105546,-0.22784032220471181,0.39800220177749224,0.09954702529164566,0.9597343373379048,2.1505161808641424,-2.20827359887926,0.06041676358108703,-0.43078972890934086,0.849030256848668,-0.8149012070055395,-0.7212187969169087,0.38294443547657914,0.5897270715012841,-0.6169620089079176,-0.5362583716231153,-1.2455331361050637,0.2296510515082414,0.7390059556486877,-1.116717199669267,-1.9201234795803956,1.648237665645985,0.18365158943802273,1.04085236455414,-0.11159273825125798,0.9670125217712918,0.3827922325522926,0.37014025276100737,0.8298851560562814,1.2868915347507248,0.202752320045483,-1.4391984905768893,1.8437568519276497,0.4009750674471582,-0.15570439290049576,0.4325109095919937,1.0794571443493297,0.22326371072346418,2.626493573898863,0.15356389217214944,-0.34128231448382024,0.4771504824563538,-1.0038799305235475,-0.20295088966285482,0.28275966268609676,-0.06651608788701839,-0.5078824938667885,-0.07235221791104772,1.3426110251113732,-0.4346232529923301,1.2269392676063793,1.5145627980421092,0.7256373581422285,-0.6988281385293083,2.289971546417208,1.385211907303571,-0.6728482665467179,2.0218848887863943,-0.6002076063820945,-1.1009854458970278,0.5008694382666552,-0.301867831950916,-1.2206043544708347,-1.2363950527659118,0.7186731900504382,0.007601107084950401,-0.5113943523867943,-0.3034971677745277,-0.681939371949913,-2.1995471642227513,-1.8508471223361733,1.9208299104850606,-1.5966100785440962,-1.020779868086612,-2.23702462237175,1.0231386669177718,0.911736685084529,-1.78641859792834,-1.2245843726872143,-0.5074249240220876,-1.1104856142305344,0.6031852137783275,-1.2607570481677282,-0.7902159747306248,-0.312047068894152,0.34680911926819447,0.3791795601744124,0.5583212670490064,1.3119862296297473,-0.7350039927085488,0.6774035232665403,2.7112378821772065,2.2511767244935585,-0.5728818592834085,1.3486857149202833,0.4792458099198359,-2.4839532016851016,-0.4847992978847411,-1.8776953637422622,-0.9000355085008678,3.4615737250152576,0.2349511749228712,-1.611241315476878,-0.7154268972700796,-1.2070373951239672,1.5384616265976083,1.057866270655517,0.45316950193221817,0.017392100087669,0.346798165230617,1.0751749545848701,0.5040355521203373,-0.9616932314383637,-0.6338908357401443,1.0433460862993822,0.9745174606893058,0.4779723170900907,-1.1418428346729073,0.09404533708681964,2.0693227133904273,-0.3120339000191929,1.698668937716485,-1.525617720451852,-0.9931359434407134,0.06901021302010361,-0.715084810483728,-0.18053662535112697,-0.7034603286857534,-2.1876373231254926,-0.16516898051621273,-1.6251790755887157,0.449898107425386,0.6902803374151086,-1.430827395808197,0.7225056166886868,1.7982231412794516,0.18577002789586441,-0.4365499413447826,0.9329683811467226,0.12059483493598996,1.0257221252744249,0.6225060623654906,0.07593563702204267,-0.20065861509202193,1.9200272591389704,-0.16808056252139966,-1.1980721312235605,0.7269657568465563,1.167656265201636,-0.7023471639707801,0.859734001725138,-0.8156857341373208,-0.40116125262406915,0.9005912741057369,0.8395392720492755,-0.00930199824192819,1.4378090650978084,-0.6837492819517553,0.9833119724905,0.06883225886615503,1.0035064228485238,-1.2291584149412769,-0.7680178767163013,0.562126934797944,0.8250658112321632,1.1346118293205616,-1.2434257756645952,-0.9688533709375383,-0.10049530746791888,-0.32504384026334854,-0.05703924181639629,0.09326468886254592,-0.73938097448947,-1.483351278561412,0.20559729950282346,0.2690655905169608,0.12751737745939742,0.06497678769160503,0.7181683334198742,0.2933632070571582,1.2264255494550527,1.6485832654711337,-0.024572151537132682,1.4951224452406968,-1.1324499891082054,0.6098164476857935,-2.2383111855949127,0.649272077169526,0.6837397890137069,0.7152791416756308,1.4388177885285283,-0.15351908189571578,0.2477291811947596,-1.800941933073307,0.7785545137354388,0.5722478362380857,-0.6791867189213878,0.31279880004105765,0.3790584064251601,-0.29577714359756957,-1.2421854285503533,-1.0117257267746358,1.3996098003222441,0.4560360818197834,0.3915822536821387,-0.1609522833839728,0.46145556379130526,1.8968108472856273,-0.3305247694507308,-0.35982563116685945,0.7220255912017969,1.287509321072355,-0.3389662427972023,1.1968386481109419,0.28644807106061215,-1.5075201027825027,0.520817085611632,-0.8792918196821121,1.0733060294954493,0.025143647305263868,0.40855825841721166,-0.23105363092275769,0.44549978696550874,1.4731620422689586,0.47613830168354077,0.45005463054637196,2.707234455757117,-0.7992589751310928,-1.685265568153483,2.089776775162505,-0.004797290219943005,-1.6841817255449287,2.0241896805730404,-1.1102700681494313,-0.2908103308070345,-0.33835221885422756,-0.5744425858690899,0.048039845661582224,0.7902295130397216,0.8119122114391981,-0.8195499600647114,0.29159759525097434,-0.5132622243816085,0.12673691039286372,0.2415559018375886,0.44673759614106373,-0.994589686194151,-1.6276314350192536,1.4903335029378528,-0.3741384165346815,-0.6131820194066808,0.4497310591565727,0.025740051808625784,-0.5085284753943429,-0.13104920397935022,-0.6111533905419162,-0.849743614962076,-1.1679075245008763,0.6178540953781496,-0.22669765380975415,-0.7723175595206655,-0.8811419332117315,-0.3818083443116866,0.30787977252832505,-0.8214014922076072,-1.5725731542938077,-1.5306847263910373,0.21537812336845524,0.720919702161567,0.7184454710502348,1.2409749207043514,1.3574939163056514,-0.28465212804582835,-0.061109251355557066,-0.36329855909649716,0.6193903336691898,0.23115830878425403,0.21306755455023124,0.8181916996765398,1.1033757884064237,0.46640379122840653,0.23203318378390692,-1.036041693276567,-0.6183621765636782,-0.862063260627392,0.26944887467840645,-0.6319360745968222,-1.4673114804236396,0.16614527431886542,1.418365126423429,0.8969701394812286,-0.574192173558963,-0.24196233980408263,-0.5661451863821814,0.4622339633170693,0.8427401169904205,1.028409809984006,1.0162168788125998,0.7514214778836248,1.0330223828677731,-0.2516021240743527,0.45879270996256666,-0.4257984165262145,0.5215341002757434,2.2073026542441045,0.6368339717724897,-0.22605256694526152,-0.3504703924656446,0.5894018722025767,-1.7595403124577764,0.1238469344059131,-0.7033537840234607,0.40399101330437037,0.3746350200266205,0.36845371501515767,-0.2103342471345077,0.03385893419662395,-1.1981350942615865,-0.23102627906196926,-1.893686670095989,-1.26352170042991,-1.311783604580307,-0.6701157395444954,-0.7361980172144034,-1.601778187557987,-0.8672773887285479,0.01868067836348131,-1.034279346769296,1.797229038284447,-0.03627032881883741,-0.5079798107071984,1.5822462964419186,-0.03130896107011405,-0.044915041789815986,-1.2911560527745427,0.7567699344993761,-1.2798656957260144,-0.572523159681107,0.7093338953963069,-2.3667215279378393,0.33477710914046466,0.23971758457286518,-0.36362666922571346,-2.2363506086558345,0.7414664639845762,-0.029004466486596298,-1.0825487414421517,-1.077266183819224,0.5784871346914722,0.4733290150739825,0.013300552952620563,0.995476350152939,0.4694199039963504,1.569579844331405,0.659158533700322,0.6470687738257276,1.7287827813211403,-0.3090693563057459,1.5978027557824148,-0.09208988501339697,0.6878302665510406,-0.9946887193260922,-1.2651881666653506,0.07892651720006562,-1.9659693480736138,-0.6569854273947495,1.064081656643565,-1.1735501480921242,0.19174016305078004,-1.9792129060079415,1.7209633369280146,1.4418153151748634,0.20024568890394343,-0.11572103048428067,-1.1758565112751054,0.62004531412269,-0.9406884025117558,1.3159033724564544,-0.5989536338338803,0.42275671793137287,-1.829449158978564,0.25257312547674654,-0.9221542670767059,1.3691374062658233,0.2487753171846475,-0.1399689034732949,0.5187868812478365,0.3360723650027041,-0.946267853800047,0.48255723530883565,1.5405362446168958,-0.002656508451427268,-0.5894731327720051,-1.6857982591592502,-0.47331843738775276,-0.029308216260240154,0.3817161533022835,0.9420955326841705,0.7148012457806218,-0.40129025649933087,-2.353700253786454,-0.3714657857104203,1.7137594003779086,0.26628113858647806,1.27009265646968,-0.943093222868898,1.613101329030227,-1.0464023258124648,-0.42542891818571327,-1.6771723556556999,0.2242525825375066,0.21875872185912448,-1.1701352165971444,-1.6954116095242011,-1.8366903528544505,0.44701133600443227,-1.2247264504804534,-0.22385380912177338,0.32401810434966666,0.09457859582351694,-0.8622033590616148,1.1453068886300553,-0.2925068476357996,-2.183111155241746,-1.0206793234759797,0.5115387361339239,0.5893931940842607,-1.62507528763664,-0.7496135925191041,0.20818966749857445
0.772399589570019,1.2559485303404354,0.10756974772599899,-1.3211942121934739,-0.6207695274376424,0.09183279997862862,0.8411773508394247,2.2855248181938013,-0.781139090392399,-1.8532162442049542,0.3667698055484341,0.6038716676728426,-1.1745789856199735,-1.4763558105648396,1.3015245488219818,0.8907297531542424,-2.727798888753488,1.1275932901798147,1.0547254572551101,0.28926998132604403,0.28300847836298976,1.5709541280488364,0.10405985845713797,-0.80688304822138,1.0502777470002216,0.7061353666186001,-0.369326948598326,1.1572392082899328,0.8996471198760025,1.0049744663293447,-2.57772116425664,0.6153396747272281,-1.191222428990013,1.1116992235427512,-1.0100113620490097,-0.7824437322974075,-0.8095233558220408,-0.9336752157830969,-1.424355756000418,-1.9201533895748186,-0.086072996633065,-0.5212422588535759,-0.775480507722415,1.3332532024855073,-0.1128604747423664,0.02085344913882536,-0.14040786226666516,-0.08766677519771135,0.9343680034629671,0.48118424584145364,0.6953196202791061,1.0829536000875108,0.6233835142760943,-1.1053166819973612,0.32296362185798855,-1.0910684247194544,0.39117024910382714,0.5706804039898414,-0.8748971222323684,0.7540610602027829,0.8041216900002774,-0.1669321197058064,0.12175573871067147,-1.1441820908438955,1.2377323627760972,-0.32026587284829605,0.8955550939728435,-0.1343597522100082,-0.7052621857595439,-0.3832112176476234,-0.8061945372140419,-1.405662589904686,-2.2522851537275024,1.7534945123457648,-0.009200321009113818,-0.7222086173905018,1.2004149763821812,0.534853972359289,-0.016558199859787345,-1.0672977808915591,-1.525508634007408,0.11433886794223982,0.15580648815617018,-0.7789468942358184,1.6674922875629539,-0.2577353231438605,0.5696609302186261,0.20630059922353478,0.22936840561106728,0.4694648543487384,0.8030244104334656,2.3930571380366046,-0.571756593826605,0.2904419946624864,0.5564036801208436,1.4904347064094043,1.0725407097993576,-0.5440359910933038,1.6843237133953302,0.040054135016268554,-1.297582187752459,-0.4355453081500297,-1.1847128159702345,1.4055897823220977,-1.0382938680111802,0.22202388532134276,0.4247705672593174,1.9158040437537025,-0.3319031778562429,-0.04069904771787942,0.12691284544312964,-2.008460277009735,0.8283425221118288,-0.04338952423646427,-0.5025635950858572,-0.6067796962571256,-0.022575141196954293,-0.6431935637198526,0.8385006389774036,-0.13132781714316152,0.06602484377216188,0.1429754848205206,0.010561377179418519,-0.4404919022160659,-0.2834531761383735,-0.45838252938189167,-0.2570872757032003,1.6994530851017495,0.35059269491126804,-0.5667608230036465,0.7452275588832804,0.5157477149649368,0.3767538910371894,0.2826571869853277,0.7854647060781349,0.07533260263506737,1.3201887043292817,0.5411647194252368,-1.6024566564217875,0.05667745944602734,2.37095646472385,-0.5035203563030509,0.1369875120562311,-0.2226824704493872,-0.08717176825523522,1.1946000302186244,0.18350864250290203,-1.432625670200835,1.372363179026319,0.8429698610206164,-0.8694398554801003,0.5475923261291898,-0.09425982971369297,-0.3933532172628324,0.6744313108696316,0.5679295626169637,-2.005264745401154,0.6162116695228754,-1.6340570672114465,-0.19681832511797875,-0.6979692363324255,-0.646626782405419,-1.4400237225758288,-0.17223496636739585,1.0142043035044326,0.5847695321572792,0.06894303873568754,-1.1567092152863352,-0.36506872089837944,-0.07883367779549806,0.7211908672062743,0.0252944090874019,-2.242988233676832,0.03535966754239836,-0.9636417521628459,1.3220857551663958,-0.6430723377404517,0.49292594297849734,1.888155569925751,1.3932816664382146,-0.4387087423068932,-0.17584995524033228,0.5210202830118797,-0.3071700748594482,-0.8168642927016768,-1.0842731325206532,-0.4878328485113362,1.5973037019646716,-0.8674771926894109,0.7890946103990834,0.35269696628241537,-0.21774419857813704,-1.2771842105182365,0.3909317373963196,-1.0464827044419063,-0.15480990675124137,2.005236609285066,-1.1989253772208042,0.6723121961723048,0.07569338419663078,-1.062169495550152,-1.8331516850848946,-1.6486889443307393,-0.40127116446004757,-0.10225068565510166,-0.9188929857375695,-0.7700643025365005,0.453728812938417,0.06764876709079412,0.23281758456406595,1.1372811274297046,0.26763519508528555,-0.47324816004146925,1.0950263846168808,-0.5511419756429866,-0.5034993406992283,0.5797717444378818,-1.400364898409008,0.07883494914060984,-1.10251525016133,0.7887545052003382,-0.34528318983664896,0.4920207305306598,1.4402240470090182,1.2446580167219965,0.7154481631020452,-0.07327360100443027,-0.36012624385296144,-1.6278767064746498,1.2691056081675114,0.3373194399510933,0.619357561017004,-1.1046490540705767,-0.5390764440412418,-0.6398114059454361,0.5976631950527738,-2.237117062663003,0.1419288493695264,-1.069028259122011,-0.027276243102135347,-0.21859901397395715,0.4096025491004782,1.5849180829081655,1.5556609303816928,1.1378318689778315,0.1551132722416637,-0.9497593812859533,-0.5265857791287929,-0.01989368994970328,0.15849032524848403,-1.6344853766573013,-0.7925067064115163,0.7084846514523314,0.9289279914472237,0.032794744304065725,-0.34389993082503023,0.2403434628538868,-1.1797019175775054,2.4939095700259526,-2.086349403891831,-0.3289821732209948,-0.47922854128573156,-0.07751189807344827,-1.1254423154105142,1.322860647759769,-0.5254024183348348,0.1656321500406349,-0.7424886052194232,1.147122336894633,1.090752658889916,-0.34614990334768087,-1.512310979481872,0.41913821175991933,0.2605907878684676,-1.0909124084330328,0.3774984114744908,-1.8579578539480626,0.3107014470802426,-1.3078236299189132,1.3618559570951076,0.5355004877309528,0.1854622597622426,-0.760815367911367,-0.25114528527822627,1.5791215506504646,-0.8561939315436855,1.469772670484292,0.5211522763550099,-0.1983776232553062,0.8551061737738018,-0.9396637673020778,0.30484385207591486,0.35201580168466373,-0.5227567462471691,-2.35613591379779,-0.48365250186801284,0.6364162748218657,1.3114900775462894,0.05333579991420502,0.6303503352217005,-0.12740338751631475,0.7617172888045641,2.0119691160382964,0.949555148769451,0.025018810321343368,-0.81326761626679,-0.7242227899676716,-0.38156026589453307,1.373288073842614,-0.5521040743516044,-0.6800022250228372,-0.05153662033505842,1.8244530729052515,-2.3187866363641065,1.5945803649317518,-0.5617838660111351,-1.344503563454922,2.4470619681431587,-1.5080165338030227,0.8196782440222625,0.9718613724826051,-0.40461990099787853,-0.8269597336440279,-0.10841376782431598,-0.10686610359921815,0.4932538078519796,0.6699462350578639,-0.4476669370785684,0.7559106846044978,-0.004061398129311336,0.9334424036017323,-0.25821897767694246,-2.004245998105517,-0.7684078160532355,1.7155295650049496,0.580157444487006,0.8107133301346711,-0.02440939747078872,1.3144517386745933,1.3711401272158823,0.11027183129572654,-1.715784120970718,-0.36005921185392087,-0.08380941441255772,2.709580112389021,1.5128580574457458,-1.2492805208591495,-1.4409293948687183,1.4159082696267573,-2.198821404936983,-0.8970810207344501,-0.8233914932008802,-0.4770205850208638,2.6381281933485172,0.009420042850383697,-0.4958472468957823,0.963165994556456,-0.2681019948604183,0.6226450667856125,-0.38579925375941865,-2.497964663954055,-0.7018475407589424,-1.3187491749690654,-0.6158600762506071,-0.7660454172469978,-1.369841990292267,-0.8688568595311927,1.331630389770782,-0.30234224575011887,-1.0871363318322131,0.13520613685104507,0.6212256060335272,-1.2425564362391184,-0.7064018527140653,1.5563603120893204,-0.9720925040581806,-0.9828728768482755,0.7573607910762276,-0.43154039934314103,-0.5335489391293827,0.12214388812502326,0.08130123498335536,1.4288131520443823,-0.19643869846309184,1.0407490163016706,-0.2202604370632915,-0.2666155129897855,0.8138572838034428,-0.791665826499154,1.0825395438837497,0.053679960874242476,-0.1932609703221846,1.0263051568669634,-0.9223644790473877,-0.7496159524064496,-0.06996548272916488,-0.11665498836001337,0.7642288505423658,-0.17760393217415255,-0.9767306704911225,2.4871049048499088,1.1617726486310078,1.1306115154169585,2.058478062420437,0.2710335885665838,-0.17352135408573835,0.06223682387740261,0.5379194558655586,-1.1621933231411343,-0.554019542437942,-1.263864992847369,1.4227208295240734,-0.4138434209225583,2.233999865052318,0.8756475810739471,-1.4772203280506873,-0.00560480742891027,-0.5613226097381128,-0.13237418305466273,-0.19941868306728897,-0.8189096660541129,-0.7188181076478486,-0.9641417035939088,0.17497371862441194,-1.4274724851775629,-0.47833486306949,0.8611642691743079,-0.06503809925823044,-0.05640447945612503,2.0531846015616986,-0.15072191753975908,-0.7306498353680195,-0.4504266636255659,0.17491509753875412,0.42171249461361493,-0.28652449175182165,0.8486329309949374,-0.3682307167891445,2.1637411219398,0.9414533449404805,-1.0574190303680036,-0.4130635832826033,1.3604233658630955,0.023448025241598593,1.223640004494744,0.2574001142451312,0.029093931283821334,-0.14536352417492507,-1.1884969136483243,-0.05201988928994532,0.013937671948406644,-1.0995783727421307,-1.276523966922358,0.5462145461759268,0.5928311707971791,0.3435957022638845,0.26372107629409847,1.0000373156266105,-0.9321357027621265,0.8791578418221723,0.31535623677136393,0.7176155945916131,0.07051192875692691,0.7979373316788025,0.6922299350647781,-1.022321566771175,-0.8361335220289744,0.2026480258028358,-1.7356766765667049,1.0681100449810703,0.6578599976079121,0.18798715539750316,-1.9740718423698682,0.8946801993310581,0.03621762563867257,-0.4977698381100416,0.5182866058325908,-0.5356142226451879,-0.372904841944018,-0.5771902450702269,-1.6618025807223717,1.4355730273989762,-2.3350399330811618,0.04923662749914565,1.301448850135739,-0.6645694763132014,0.5443957424711978,0.8103014527276386,-1.7658293170745847,-2.343878176902081,1.0375973017445002,1.0300804258100698,-0.02247109585498444,-0.43237037093898134,0.9960320008340242,-0.6035892668475362,-0.41756248013772773,-0.2140153476445082,0.5549654446321063,-1.3173111729984859,1.123585457817775,0.2619872158624037,0.1650637431463566,-1.5171079515965062,-0.051301582998946015,-0.1639667475285427,-1.9017981913527988,-0.6073682293125156,-0.44442701155242526,0.8611419908684765,-0.10420002852413951,2.0611403271402478,0.04028544697719131,-0.16058234152416936,1.2889053280537186,0.42068483576172644,-1.0867484541703305,0.2223085455496036,-0.49933445012591504,-0.0004426285958825301,2.117638471632949,1.6420124980530784,0.4121744520448793,-0.4331844010636164,0.32131421085136874,0.6508083910631424,0.3521779583005395,0.8154814828664341,1.6984243756800728,0.0969378913606097,0.9438300968911937,1.9406411311829075,-0.1465756174769752,-0.07839872762531373,0.6674362570171696,0.11182179934863677,-0.2584050901332896,-1.6386187225510191,-0.9751412959264524,-1.5462010353924263,-0.058919182264752144,1.2255898527635336,-1.6218195550516905,-0.32440512950858313,-2.8653168536515308,1.1497743292236893,-0.5132357863733591,-0.6560211456015655,0.6656512114863203,0.17686719369328488,1.0064827541662367,-0.030825912007804927,-0.6079305953455282,-1.6862787287200314,-0.08220213331335552,-1.3504254692381878,-0.22009658636981938,0.9859380769056709,0.5958617341910982,2.6702033275751953,0.8449731294298708,-1.0422945643538644,0.8549798963808397,0.03847546163082903,0.46087135903105614,-0.6472359766721374,-1.1743186767611238,1.9994987481105722,0.3858429613247968,1.1006772137854617,1.1986071021056537,1.92222971553292,-0.8250319840600293,1.904161989639273,-0.3514582216929007,0.12613378619757673,1.3441361964957472,2.2518168443924207,-0.5826017265081134,1.245883779880092,0.32552066871567104,-0.24577475777382135,0.67037428987712,1.595625465502066,0.10144880528812211,1.518804014375047,-0.08681472793198969,0.33200374749308775,-0.895629418561485,0.19411107180190473,-0.3877086851548141,-0.0031771564575450713,-0.28466222367346966,0.7947188777681463,-0.1809327096070655,1.492965473678222,0.05862220412780361,0.9125447797082761,-0.6987861053052139,-1.4111126277287716,0.5573309378377115,0.43515436936430113,0.2233916855801065,-0.8332283882116186,-0.35255903191179727,0.586701007664715,-1.331966990587093,-0.2050383151931306,-0.6533615097722102,1.2679837871869126,-0.368075450908636,-0.2749698317316439,1.1391875009505792,1.0520739819653167,-0.42696335523071144,0.46863683566324693,1.166829853861432,2.0393102373578347,0.5395003161039914,-1.1033679285987688,-0.7902711482661023,0.06460543901762171,-0.25360904452328753,0.9895757757938708,1.1042113239460454,-0.18757617829541962,-1.9424018934153027,-0.4553795190298168,2.40379670755336,-0.48562424012171745,-0.8388386244789505,0.7967164297265555,0.4782788141535765,1.6068775114114275,0.06359057323227556,0.3573547060084958,-0.5459485745136325,1.7409642522210214,-0.03666479013639073,-1.5134620174066973,-2.2321828750606647,-0.1909787797244704,-2.6503574628220066,0.10843542928680074,0.06552120737190886,-1.2908443155279332,0.7998609566335968,1.0290972953389375,1.0426490244563071,-0.6695575136077482,-0.6802598711223429,0.3809851822065086,-0.3687945587508421,0.876018818413436,-0.23699160796540392,0.263048576018554,-0.5294114948195388,1.3449313723421565,0.5847796202462672,0.06939738987753095,0.09416595979213717,0.30801094780212035,0.030672484134360675,0.10203734404266701,0.9941267986961279,0.21309048365661373,-0.2717800742394849,-1.7175480157167107,0.47182538238471533,-1.8288433224380518,-1.2166272063831418,0.2965047149316987,1.5476826956777814,-1.7050197054375011,0.10792032152604598,-0.1520782056175528,-1.3132432794284878,-0.42741564581003705,-1.689133016116186,-0.8725648487776836,-1.1220943894828808,-0.4901456378897783,-0.1882666783800242,0.15498628561695152,-0.9844875836800223,1.2377917491237658,-0.9068305447874534,-1.4300128634205338,0.29863665688676405,0.29203388970070987,0.2632113399933611,0.7566043720131493,0.9327331292559345,0.43451523280434495,-0.5006550604601647,-0.3580131071977056,0.2868730320023261,-0.08684835795951128,-0.4777698457618573,1.064591833746594,-0.2676270373739112,0.3385918897689378,0.4788474926414992,0.9703789061712814,-0.6220641808184414,0.8341147822362699,0.2560622361051767,-0.7533060859658935,1.5367353211208645,-0.37600661463638274,-0.3837842108029134,-1.1539659679358452,0.5880977612254639,0.44636057187365286,1.77333740201088,-0.11828972878935223,-0.9171548569707084,0.507446548776349,0.41297470546146947,-1.1317235963032302,0.9261331206625311,-1.7984041821229677,-0.6213460585099292,-1.3563397167010007,-0.9980538652499232,0.6275515870658739,-1.2785037285854264,1.8331591739026556,0.038395574460746575,0.5692107845790838,-0.11250342691256267,-0.5886375207334819,-0.10216566847146981,-1.1571748674811768,1.9566320875684198,0.76604400775256,0.3107895182127443,-0.2636167853143773,-0.5957870902886176,-1.1547117469199906,1.0652330989462866,-0.9290044414140738,0.01198886613034415,0.5678164541960854,-1.2584721616222376,-1.4224514768723984,0.5329505170903553,0.5235766849968184,0.6890702460727487,-1.092963779671742,-0.5085502054113427,-1.462639730412458,-0.0004997044797605994,-0.07313292903238851,0.7508563514647507,0.5847122343866694,-0.8826863664834388,-0.030757136814916236,-1.569663573536035,-0.3660817929856673,0.9109873303884345,-1.402768454793791,0.00686842759365533,-0.08130716168410802,0.9289984821466762,-0.940073951742821,0.44429487724744404,1.5388466836349612,1.5306846469980504,2.257111152266102,-2.1807051759497407,0.8592328817076045,0.8117465203256379,-0.05330482713580685,-2.1842869663244198,-2.7939655458934287,-0.050435112710071485,1.0948702190082327,-0.508251327912008,-0.21977943784185197,1.6576660650670985,-0.5703940630421295,0.9219244729218504,-1.240267968323161,1.1171146823148146,-0.24981008152381154,-0.25870946759115715,-1.5477275700194693,-0.5293375402041465,-1.5617300003068666,0.24957501333605633,0.47220639025848693,0.6459934372001777,0.3950011478865987,0.07054940262950422,-0.16065384758398332,-1.787559156680101,1.3080557918006503,-0.9465987694356435,0.25096622785725964,0.19628220847732028,0.6693167405513244,0.8418244653691123,-2.0797507948467566,-0.9748637733965249,-0.4995336358866569,-1.8962766319616777,0.2533578611741983,-1.087069148087416,-0.08744182208855723,-1.2990550219923684,-0.7768122950919022,-0.577837334853488,-0.5608178147781482,0.8731209696381838,-0.1917990120261914,-0.5771756691988258,0.10004492253038381,-1.002004224414033,1.0580918456845176,-0.49009162957042257,-0.5725875979823076,1.1277019150165153,0.2773986363225395,0.44716238471939546,-0.33144924629286593,-1.4288275925235123,1.0469478507301166,-0.9290238672446697,-0.839445021090268,-0.8991693427094788,-1.2478308863697305,-0.8542784092477668,0.5118142012007233,-0.16354522860066242,0.29451381075907607,0.3431083446466467,0.442762384867347,2.434867203006442,-0.5894618333275778,1.194294128639342,-1.1473382649666346,-0.2727668946349041,-0.5697006038450395,0.49891864041073436,0.2929663874081799,0.9408849282801742,-0.3604323598577182,0.10331947380295549,0.560703006880992,1.7723521933110724,-0.7422234490773209,-0.19368568700341027,-0.02596727001892763,-1.7762955444794093,0.43069137965023185,1.5377424029336662,-0.9468287634355116,-0.40348073619941427,-0.6010496635918259,-0.9473239827551457,0.1901392953496797,0.4810344936083097,0.17394145221284577,0.9111534181845382,-0.6358038937091125,0.6665367583863331,-0.43070270881804584,0.5604450086911715,-0.39535713633892033,1.156669596513639,-0.6541734109822482,-1.1869459240963864,-0.7321911698518045,-0.14725256572875275,1.2155804221180682,-0.37901429251478896,-0.3432202891668906,-0.4906435223648968,1.0350312257938263,-1.0903916448430984,-0.11598506102162948,-1.1329818509748846,-0.5964422272032894,-1.056443946725494,-1.4314192423458163,0.33396115042603114,-0.1732065939486705,-1.7318493424531154,-0.6182597929371685,0.4830697884358418,0.27385197780418646,0.9837166265320435,-0.19491259732228608,0.619079027473535,-1.2773010575506691,-2.01969817774648,-0.5549117032922153,-0.31164018873089483,-0.5097246183128602,0.883979006981041,0.14412642488336136,-0.4209678190581877,-0.3072908191735979,0.5499383603214808,-0.2906759130654915,-0.42954392233847066,0.3721402327981693,0.46954959065946783,1.371786766808539,-0.6156619362141789,-0.8361879845420124,1.2541751750011756,-0.9132412368666855,1.4708073932544217,-0.012698603626614497,-0.19167973581747622,-1.2010904023649331,0.19043840303141635,0.23396792498547833,-0.7469803574522784,0.03214617532160141,-2.366209794942632,0.1299039821744963,-0.26992685836379265,-1.4031614840979454,-0.7987783049156048,1.4370733544595677,0.767569730123894,1.143475751797871,-0.28769168661953254,-1.388163846292288,-1.5705483703194674,0.7069139569261175,-2.4230032741873897,-1.9955860756498152,0.10026307806650914,0.163595384352038,1.2071728467256189,-0.5801320284895812,0.6913960354652083,0.8494897832613215,-0.6813750038113364,-1.0530825635728007,1.1014183464440834,0.5708963931768976,-0.40566912360965496,0.14979962214254672,-1.3873252387344377,0.26515809320138245,-0.22296755287189518,0.9430210749832637,-1.1093722066570322,1.4506494773144774,-0.23968146383330974,0.39629323987605425,-0.21393944294737022,0.9193949838165898,0.5967426665789441,2.2420689135280405,1.2410624129263863,-0.7045078463218389,-0.4860874672561879,0.2713909990588178,1.3483543175175894,-1.0180084570750167,-1.6291540793333943,-0.8828721442813177,-0.1526654934477496,0.7651953776683711,-0.21938062913800754,1.1780421327714474,1.017954688326755,-1.6108585775881432,0.07952698623542019,-1.8754060994718211,1.4565644575665462,0.5023897092925905,-0.8455603977413919,0.357125025044644,0.45563339934271424,-0.9433655971501655,-1.1953437322922122,-0.3276703949800298,-0.346532092861097,0.1265609378112221,1.0863939450000966,1.0640395575396215,2.6809337646935263,0.28876726304967604,0.9528340352356576,0.1923059491045972,-0.8802204005725002,1.9354854363948828,-0.11990972339656904,0.8476358309371878,0.9599001193750853,-0.976758418963387,2.424632286694961,0.8031136301593457
-0.13931329586795366,-0.05032842362650032,0.23347433776652138,1.2781035422253983,1.1046782134476156,-1.4155905848495947,0.4363957561894031,-0.6714543372310148,-0.15400415555888328,0.21553047924081803,0.7251723558135439,-1.100913599199104,-0.05415381540405099,-0.05535334778449188,1.4688575077996107,0.9855091770115657,0.1692293987357255,0.3282354969704775,1.0083495715523145,-1.6600348119339405,0.8815025726705721,0.46850626681337093,0.5168100920252017,-0.3629048576783634,-0.7622716885144685,-0.5028183538674454,0.23383471973904582,-1.1540877098911368,-0.20298127562283683,-0.34334818888597457,-0.9076569428787713,0.1398852619524358,1.3867913442858169,-0.7761995551604352,-1.014096351424281,-0.04478189726146916,0.5438556854057626,-0.3662694714558059,-0.27863831688076834,0.3006057666186576,-0.9793162037322735,-0.824419608470666,1.1809919685673747,-1.1016744056137122,0.5211246151597365,2.100123106937741,-0.06166235152359826,-1.0250642757268071,-0.8572011476541951,1.0559861207693297,1.0425532151048647,1.213124063407114,-2.092121671519419,0.759735539476398,0.0401943786844381,1.002038606173504,-0.2484709981423038,-1.2832239193408534,2.3926753574317785,1.2426985410659974,-0.5327135508203564,-0.2525812231287177,-1.0793806876876733,-2.260339028061396,0.886111101042322,-1.0799486032861767,0.47751414416995924,0.2937780117441479,0.1476155075679338,-0.549984192793668,-0.8984270172692072,0.7387294359077731,-1.4332036573787759,0.8912675285538334,-0.0907656685805538,-0.5053775199203,0.8500294561462206,-1.7362875233327315,-0.012581633518790474,0.8200245638763366,-0.49355975179641587,-1.3887891044178093,0.6201223065490621,-0.9038446367909514,0.4313078853775822,0.23239765070318472,0.8344123431185382,-0.6466931927356584,-0.317541910694732,0.22163614442946505,0.3009421336385139,-2.0969810186831888,1.388391687496425,-0.8339886577026377,0.4624478499929729,-0.4611474095895333,0.7252862342654729,0.25011312845440686,2.3653921977517753,0.6367535746537436,1.3944756522675945,0.8301354388224397,0.32031759590704845,-0.20545827001056086,-0.5910807367943552,-0.7082446572472892,-1.7817033877021633,1.6864937002385214,0.6874186290333747,0.6527362632303501,-0.1847679917046811,0.5093760098242689,0.28634354370973736,0.7801863462030916,-0.5672945142578643,-0.2679098993141122,0.3940399775993727,-0.6393843209501389,2.89487366798358,-1.017806961757959,-0.48270487239714527,-1.0457523416574699,-0.5002291903761531,-0.22389427222775143,-0.9542626524801059,2.182432314833869,0.6697120054131186,1.2838721140257605,1.9870013963081175,-0.8038530650364659,-1.6520147196148016,0.9843023330868967,0.43690384994296994,-0.7106835963852484,-1.6040359205619836,0.45050032953782104,1.4529648251103702,0.48992070002572574,1.6605254669779417,0.14815490861160086,-0.1884850316722882,0.5534493068510173,-0.4444776990574821,-0.440885845016133,-0.25193284930532517,1.1623821898001863,1.0238928416720074,-0.40314778210950797,0.5572234627329363,0.27026080092042,0.7013432560612353,-1.0507633821351303,0.04201765993747683,-0.36963814126656463,-0.493883110713,1.2352138569431508,-0.0010870295441714904,-0.8000275085372236,-1.332875126995959,-0.11890965271371158,0.72176184252605,-0.49665175903593306,-1.7575624463064665,0.5268051327679748,-1.1626078634317616,-0.728314015406548,-0.5844874309483372,-0.35613764770533896,0.16497405860731187,-0.2928957272882808,1.4024154979537558,1.1327379974084288,-0.7750151210817459,0.37439519523850745,-0.6567079303458098,0.824216790070783,-1.2931628479947883,-0.1710166367807212,-0.682378657017936,1.3684764043166278,1.3171102579778842,0.28674630494975173,-0.8977563035976105,0.14833326488788154,-1.3281386921496205,-1.4215643839312855,-0.5455437860348511,-0.625722744785209,0.4404417706337504,0.5923679107026761,-1.2987121416956176,-0.05778845734145587,-0.3521998694180406,-0.2031549346933003,-0.058450168195491925,-0.8879157114032665,0.34547030607785395,0.7967446837578077,0.01040938439881971,0.16735728554108906,0.59609905405596,0.4415453034637613,0.36463033508690496,0.02820185007194741,-0.4331491788080065,0.08496721689643313,1.0411474732518804,0.634511628042746,-0.3684476989343259,-1.0795619045363993,-0.11625909174233788,1.5640765930343248,0.7301214616091988,0.3776409386121553,0.3066955390691503,0.2903544445009035,0.9545847028242823,-0.7525988975581624,-0.042762125701628705,-0.1492039340747002,0.6091591374208672,-1.0846021386370575,1.0189586484401771,0.4369008036211386,-0.6239236286619261,-1.147120410284395,-0.2851885018571639,-0.5047498478083882,0.5091772637898536,0.7066828833325827,0.09531346198862072,-0.8010873503541321,0.6296185867971945,-0.21643996005437258,-0.1313156925410986,3.0192532274323423,1.0043457986156739,2.3417535318134894,0.6274341372751715,1.0705581825086539,2.4770030154415323,1.6096463701358859,1.5699386584399535,-0.252333386140343,-1.0662010117175074,-0.23357310898230985,-0.9560569408043027,-0.22416063638552203,0.4989692266168531,0.27476806195785863,1.5910447892263035,0.5668775295163302,-0.5153683168806784,-0.34064141126272085,-0.3654132820221761,-1.420340567676505,0.07378511945022101,-0.8154277425067418,1.0310806344673584,-0.6083430296436626,1.6772076349546103,0.6731943109920966,-2.1228982778749463,0.09928551127830387,-1.5512921134563442,-1.0757704649119966,0.98883937218162,-1.646501887514515,-0.5039532114543476,0.3767872146248993,-0.5466291287444566,-0.45344450958215615,1.2069821518582,0.09583832393361882,1.3001841877529992,-0.21047628113391617,0.2746024313498472,0.790187779466166,1.0055881120867325,-0.19359135913601067,-0.21930722281056655,-0.25479476946627067,0.26515399132570716,-1.2010156325961416,-0.15604374995673925,1.6275673807651525,1.1521914628752885,-0.023392256077727887,1.4925598650537046,0.0033183214097319337,0.5655118321158777,0.23293246143348853,-0.6266674701604984,1.1144424725987978,1.3284055821262537,-0.0938617068107272,0.6855705839923021,1.295693847990756,0.5958454315130519,-0.7187310590160674,-0.7171469657999516,-0.7223516903569079,0.1637169006855372,1.3166291002539774,-0.70259709116344,-0.022387388795098183,0.2583442081962678,0.4394029554127183,1.555781313709704,1.1305288399104192,0.08008153247943825,-0.3508352149259256,-0.3785062560962051,-0.4210862370291968,-1.2404117735008888,1.7054227140014646,0.11573251711178037,-0.010294857853826974,-0.25285660363046397,0.12026030755629037,-0.08157285277477415,1.0990222007957449,-1.7548348994936156,-0.25493770765926704,1.0862860135143355,1.4639083938926962,0.5131543258836538,-0.1959964249448281,0.2691385788006777,-0.3510280419985945,1.0237315417127175,0.30871033279806404,-2.1003443465300613,0.8429449692204969,0.7662004233991385,-0.09871174374717993,-0.24017770075494232,2.4030686455104013,0.18391078663078197,-1.4547985259284015,1.9118325701896886,-0.6995508585715517,-0.7520894996699697,-0.17944122767481688,0.8744309800685748,0.33824254661205533,-0.25672257640908913,-1.7597897523131778,0.9865542595552732,-1.3197286662443943,-0.6654049281195838,0.35416129543394753,1.0433511349182114,1.6605927801428741,0.11893336789787357,0.6046782265696948,0.44366760187627674,-0.953915556656188,0.8170674594935735,1.5687045595944171,-0.8366240082086117,1.1084431334780793,-0.1632518500544116,0.4609362366035878,-0.841414098489371,-0.41590015411409986,0.8041318673324839,-0.3443178653575701,-0.8376506975906679,0.7514039929113099,0.6613918634948258,1.6383097160358473,-0.00926601603303724,0.8400740017906502,1.5390791195041431,-0.583685633984259,-0.24201161256335066,-0.16002841559296385,-0.47778393714780665,0.7567052046013926,0.28138187353883803,-0.3556346080622568,-0.7687585497574737,1.845781606315419,-0.1615563282377777,0.2500483687876483,0.18316101744036903,-0.6443006529278261,-0.07405267566087623,-0.08454980853820791,-0.10070014172575563,-0.5595621064051854,0.9185601928600113,0.5031824601098672,0.5404777178355586,-0.7991637604465005,-1.424097433606736,-0.8434938016406415,0.26192776507663573,-0.2751608735277061,1.3121009126552337,-0.5754065036459192,-0.2583377972831563,-0.6066618082388483,-1.2089338491916455,-0.7449628955717837,1.0690572809035286,0.21347760695054832,-0.08690830504324806,-1.4311155670746512,0.3900368228389255,0.43534878968110086,-1.5264125278315486,0.8196915506072208,-0.1216101402358397,-0.24103606039980388,1.8560965593096457,-0.7337167191073043,0.9509417696953356,-2.9279045327097166,0.5011106939420876,-0.8147511455204045,-0.6043281562621234,0.7905360788801441,-1.764851449447582,0.7835473551581007,-0.5726926448645934,1.4919447649030482,0.8099530861247571,-0.5220847485698629,-0.8052019481007913,0.2344704602708927,1.2749185727136838,-0.4508961430499569,-1.4218670931215374,0.10697351998423422,0.3865671410955166,0.5280904431814971,2.511439310933493,-1.2171859759851895,1.836886385346611,-0.055782993949241653,-0.0209221222575826,0.5253352928922229,0.19164577676903177,-1.035273137455963,-0.6715404160473885,0.011288503309282915,-0.5313240111708643,-0.06260342778693818,-1.6151567768260455,-1.1606953002043696,0.81151604170032,0.47795090734177276,0.6114878422658078,1.143072211207967,-0.2308246193455308,0.25988760262154814,0.16218836500405837,0.8332497311251367,0.06503223021881034,0.7468192070971149,-0.7083813338820087,-1.6160363198527938,-0.4325685958773445,-0.15437206482458074,-1.2805970295999949,-2.1699107472588617,0.7783839845337208,1.4232670119070123,0.6245061354820945,0.7834744194176911,-1.4778282342220166,-0.8425752157263218,0.8389601323176168,0.43793942717808604,-0.7796086855703475,-2.4028240063881343,0.35843105272962866,2.109356047421579,0.44525146071322347,0.39456698194350853,0.007313770632051709,2.0192700313535883,-0.46756379319100083,2.141992739399107,0.2838274645951982,-1.635137921718608,2.2583949542046353,0.312910573446088,1.1839171035245346,2.8039085604025495,-0.06228459395760633,-0.35587769013420395,0.7109758884562379,-1.0649087828533272,0.8541937248973889,-1.4492819810016886,-1.7665743048542215,-1.101784669850488,-0.3094634704094135,-0.5035560931961973,0.8135930415376103,0.7806308321618529,-1.4876542552872767,0.10410584154569845,-0.4518582942822325,0.5803592572675517,1.27137083649292,-0.7494635153245811,1.1639472665936654,-1.0410303768400198,1.0428986154287834,0.8693738969092967,0.2700282201788225,-1.2889115770214186,-1.1028096535658642,-0.049972328670419175,-2.173844455899335,0.22038462688513683,-0.8871721962688635,0.2889919352578243,-0.7910931067412532,1.0750779861156308,0.2883705561876274,-2.0375981072153095,0.013953223067716373,-0.9096059303131546,0.014007972415705673,-0.39914940388041564,0.03937093171928395,1.555210451585652,1.7223964946379964,0.9956938664324522,-1.1666813201308852,-0.1571558074363411,1.5037726143673698,-0.41228349572145806,-0.16238239018728365,-1.05591951657232,0.5894158869969568,1.6067279254111562,-0.05963503761241193,1.4013200612038568,-0.1595310630610569,-0.928069341937825,0.20427669436800527,0.03639779366462669,-0.002478982465507561,0.9327216272256632,-0.47880715517597183,0.3977209580052861,0.3779221231487383,-0.3984102249991497,-1.5530306734168164,0.10049278544963645,0.07035908043175325,-0.4191022662989666,0.6001760770622733,1.7027992255135571,-1.1543816192226684,-0.276707449112467,-1.1546295896900827,0.07511220702344665,0.6732791952658869,0.830094555696167,0.4301587684079118,-0.9468650562995085,0.07807178539524774,-0.2780933794982874,0.6527820286391199,1.626923324276769,0.5777866987841273,0.45201039056105474,-1.49259983961808,-0.510699206385705,-2.1374224497132044,1.9343098907490284,-0.4157748104425079,0.7752579380360101,-0.24212830921063025,0.4777596212970962,1.5338065336269078,0.5671735613779623,1.3128249307948696,1.1417216347786574,1.055016787377372,-0.252221668859441,-0.9310163446731041,1.6923264355877368,0.38597568409266847,0.09274165931121717,0.3910628700739203,2.309857158094934,1.296441958019969,-0.39544551112468534,-1.5711292237086785,-0.004862348805762261,-0.7954550262771174,0.621403466892188,0.25386111531213046,-0.3602346567924559,0.45637634362503265,0.6438726939395859,-0.5475807841430547,-1.410814298990294,-2.6703676804291065,1.2585077004041352,0.2660067777198545,-0.09791006577738029,-0.7129189674788845,0.9424462715581357,-0.9010042783764148,2.433748124191094,-0.05578705243801521,0.34783115656309965,0.40797900440103474,-0.42276659767283975,-0.6510030132089281,0.4696784684603467,-0.6139994343600741,-0.5861232667857292,-0.18620992590515284,0.7781346640458686,0.29721344875894756,-0.28182041406440833,0.3899226347454283,0.3704291443840504,0.563427101506466,0.26174939624267324,0.08361958178618013,0.3792000385980492,-1.0256814204069116,0.39025368424023543,-0.688314171085271,0.550279388530457,-0.9612079216145146,0.5254570097540047,-1.9928769078836133,-0.07404518969773297,-0.042233667728247555,-0.7513666824527162,0.004119483851029987,-0.9049618201851982,-0.21566577815456822,-0.721474278029188,1.1780072262947354,-0.3766597329466689,1.1939816270319015,-1.4595529047380202,0.32638739925896865,-1.603692372008596,2.0561753379466903,0.5463315712102088,-0.1796040534470073,1.0668487829939912,0.26945039572927715,-0.33645493284595757,-0.5567393253033188,-0.6506275421511912,1.1157895080598859,0.9948543853129417,-1.9707460678162074,-0.5727319816422322,0.5985592539735749,0.21617010232743716,0.2345450562177093,-0.9441616617040259,-0.43506785604264087,0.7486608683292729,-1.1717953409296114,-0.332373931080573,0.669839071988497,0.645703430286718,2.328706689630773,-0.1849610328188187,-0.8593201921201096,1.171554937891548,-0.5225958540492228,0.816731453533665,-1.949215616407499,0.7331007835588514,0.9496946900566147,0.2774667833246545,0.059979723529250954,-0.33658338502787977,0.12514058038249548,-0.6995387954283262,-0.11762946390644925,-0.8491484039419162,0.6989176298718279,-0.19685931977868526,3.1765556258981236,-1.4260300943784194,1.4612154879585946,-0.04062070486099006,-2.00674787568569,0.6238826252598254,-0.7906124717044096,-0.26054583019903993,-0.3995076052861656,-0.758989941454926,-0.7654549434862434,-0.7736055166959381,0.9900538955426286,-0.6606656451262907,-1.1023890477920808,-0.33375260847875676,-0.44314129015429804,-0.6694857862885459,-0.07257145377694943,0.7405594387012223,0.16154582826885155,-2.397762984491762,-1.3121129940175524,-0.36873103310036964,-0.39715412106661385,-1.8121259459608192,-0.5654531117402052,1.1258553885158393,0.9184890704576449,-1.8220284668612108,0.039030254233365654,1.3785048193729497,-0.20397361657854945,-0.32124153581198267,-0.9002301739690097,0.689529073685178,0.9609660672390915,-1.5024686980240598,0.6074479051478031,1.5689849406826224,-0.054171610736827934,0.7187196973478406,-0.11138766745090457,1.4678076728052136,0.11666277365919064,1.1578890950670104,-0.23908318313553617,-0.04228147415106971,2.164289767177605,0.5611394470973274,-0.15462100596317369,0.21497614578179622,-2.104574135893116,1.9755134085429817,-0.4889190090999258,-0.8276461758011272,-0.21699311658229092,-2.4181003448430416,0.8797362747435757,0.4866670947830544,0.47053175858846535,0.6369017831284114,-0.4472316181555949,-1.174091612015224,-0.07326557923924598,-0.23895699817493382,-2.11781743290873,-0.17258372370496702,1.2802471352027964,-0.7352471957415765,-0.18028464140991154,2.3908157000098504,-1.576547485445321,0.06725570579092852,1.0837159531442697,1.2539679991292718,-0.9602496447724224,-1.5800017468887257,-2.4138265029047408,-0.22110241493057697,0.7025286833236686,0.0809646066344616,-1.5658461521883644,1.004905933885848,0.6266918721648209,-0.19307354874475857,1.1551951197217007,0.1007026393343172,0.4776963289463512,1.326336073746765,0.5540216026276227,1.0799181688357786,0.060968531733190306,-0.6494104564320191,-1.5755444918183588,0.16588148261733993,0.06772615855792065,-2.3713664544840953,-0.8365546183057516,-0.7039690696269807,-0.13953082721337476,-0.4428093732679315,0.08203373491777287,-1.138840782894577,1.030282937516105,-1.464280425699324,0.44012634760214225,-1.517200131743814,-0.07198196151622711,-2.2646331620330695,-0.9943873266765885,-0.13728983915418635,-0.10446432655421656,-1.6388808828238315,-1.760281330829261,0.8439375356484687,-0.37667013125626125,-1.4434578004141676,1.9697368426949355,0.8352623639997745,0.8862550307811304,0.4952132996736305,0.11890699814095014,1.385045182491749,-0.7592383492267549,2.77146524423802,1.357368513525716,-0.7246315051692462,-1.3644730545163142,-0.4160144146351406,3.4187971000745967,-1.258644617609054,-2.1266117780725975,-2.1190460838832954,-1.9022711511977815,-0.13418423943783644,-0.7162190651789656,0.7237710240860468,0.3705685678061894,0.839143496478425,-0.46905513302056173,-0.9142006729361738,-0.3056888252326066,-0.5315375993736121,2.142831924758639,-0.33967283145243027,3.2412237973550657,-0.34291513067688895,0.6428174614842264,0.388929593911448,0.04488919285304198,-0.11165741115914973,1.113591044851731,0.22718806827149884,1.9635021203793783,0.35348840991217406,1.1054559891307236,1.0960655581803347,0.2613474806597535,-1.4868748725086083,0.6080012777189554,1.2060826942111487,-0.2625011713985208,-0.42266656378094297,1.278232067530336,-0.9748380105147209,0.25992340093199795,-1.5927590087308143,-0.2131803019037721,-1.2241497026021195,1.6676381629302508,-1.0582441971232817,1.4075212466290767,0.8856546559194207,-0.0248259069099622,-0.5544589288228932,1.8168164186462257,-2.0861111356089386,-0.240599971053649,-0.695701347974305,0.812088870128401,0.6315994746460026,0.23199539846505135,-0.9396746006582222,-0.46713090372115373,0.8413389089725798,-1.5883497703344482,-1.2872708386763005,-1.5748158727685069,-1.2860484501016116,0.28117710300840165,-1.080790182055601,-0.8072626487194379,0.23642312252690348,-0.2686102244077246,-0.49071796546603114,0.5020786443482164,1.004223296155898,-0.6612755766528498,-0.14826078060351974,1.123519688283539,-0.43437606570060056,0.7185227985751368,0.8561701690302304,-1.697490342121635,0.8359257769895045,0.27096676242794615,1.4197577058902164,0.5414467641526393,-1.648126718796838,-0.698575421413561,-0.6675124037575776,2.1108668587470234,1.6401088134757436,-1.4471499071575735,-0.01784043895369441,-0.751598518313993,-1.5773147306908173,-1.1703783255440328,-1.0428229193265421,1.535835516237965,-0.3940236401996803,0.22474665507375094,-0.03104499020572234,-1.4319697091497647,1.1513052708890743,3.5558341304646635,0.3922546680534843,-0.6544109475963864,1.0610706932372378,0.5776223711174234,-1.1024806067267872,0.3910413117940524,1.0076452295030438,-0.9730806188933291,-1.1409973406510217,-1.0946262401357623,0.03666295013328118,0.16894126703120818,0.8202991034076166,0.896007397620456,0.600193502249594,0.34706775961079916,-0.4217634277606812,0.32646257900817116,0.3642748156730538,0.06728243949090669,1.9412090165845437,0.8226540310511624,0.5415587266161657,1.1120190845050073,0.13477389670819684,-0.8587459425298977,0.8055329099477452,0.9423909077841658,1.693871067086104,-1.3890831121997393,-0.6158897276342826,0.3921260006231306,-0.6108922544476919,-1.413948984351738,-0.9254321803344103,0.7092760592704631,0.5029961861503429,-1.442261469777898,-0.5612597797375625,-1.0262774277475004,0.3412071734033395,0.21485661764219588,0.1647800500187855,-0.03700614061427811,-0.958354754108622,-0.5587475891644968,0.2942059145010599,-0.6487378712038451,0.5297487052950723,1.1293609881104203,-0.19069421923559488,-0.8357551211906917,0.31011728778844017,-0.7743330661502499,0.14909025203545395,1.223525772474289,1.1407051084443607,-0.2993078327162025,-1.9891745211272365,0.9104602596840502,1.0684927624141545,1.0465613256623887,1.4815425574580814,-0.25025573370746373,1.1307212449963724,-0.14687577663798287,0.01772732335497925,-0.6190393178199478,0.233981511680987,-0.5034347355549593,1.3000291615791002,-1.4536469775782195,1.0343759842004658,-0.2885125625068915,0.26389299399040483,-1.8394218464988394,-0.07266251469585892,-0.0906098416021811,0.2636471567693511,0.20342763612167372,-1.5054238154977413
